4 0.7828125 0.29765625 0.06875 0.1578125
1 0.790625 0.36875 0.075 0.18203125
0 0.81171875 0.49140625 0.06015625 0.1328125
0 0.75546875 0.21171875 0.0515625 0.1234375
2 0.74453125 0.13515625 0.05625 0.1140625
2 0.8265625 0.60703125 0.0734375 0.11796875
5 0.8421875 0.73359375 0.07109375 0.1265625
5 0.74140625 0.06484375 0.0484375 0.10234375
3 0.66015625 0.06640625 0.03984375 0.09296875
3 0.66640625 0.1453125 0.03828125 0.09140625
3 0.678125 0.22734375 0.04140625 0.09375
3 0.6859375 0.30625 0.040625 0.09453125
3 0.6984375 0.4015625 0.046875 0.0953125
3 0.709375 0.50859375 0.0515625 0.1015625
3 0.725 0.61640625 0.04765625 0.10703125
3 0.73984375 0.7375 0.0515625 0.10546875
10 0.18828125 0.27734375 0.05859375 0.16640625
7 0.17578125 0.36328125 0.065625 0.18984375
6 0.1953125 0.2015625 0.04765625 0.1328125
6 0.1625 0.4875 0.05390625 0.128125
8 0.21015625 0.125 0.05078125 0.12421875
8 0.16953125 0.6015625 0.0609375 0.1375
11 0.1421875 0.74609375 0.0671875 0.1328125
9 0.28515625 0.1390625 0.0421875 0.09453125
9 0.2875 0.05859375 0.0390625 0.09453125
9 0.28359375 0.22265625 0.040625 0.09453125
9 0.27734375 0.309375 0.04296875 0.1
9 0.27734375 0.40859375 0.0453125 0.096875
9 0.2671875 0.5125 0.0453125 0.09453125
9 0.26484375 0.61328125 0.0484375 0.1015625
9 0.2515625 0.7359375 0.0609375 0.10859375