11 0.19765625 0.09140625 0.0609375 0.1265625
7 0.16796875 0.30703125 0.07890625 0.20234375
10 0.34375 0.14375 0.06953125 0.19375
6 0.35859375 0.42578125 0.06015625 0.1484375
6 0.1859375 0.15234375 0.0640625 0.14921875
8 0.234375 0.7875 0.08046875 0.1625
9 0.27421875 0.16640625 0.05234375 0.115625
9 0.25859375 0.33359375 0.05078125 0.103125
9 0.26328125 0.4359375 0.06328125 0.1140625
9 0.35546875 0.56328125 0.05234375 0.1171875
1 0.76796875 0.30078125 0.084375 0.21015625
0 0.6015625 0.16015625 0.0609375 0.14921875
5 0.571875 0.07578125 0.0609375 0.13203125
5 0.50625 0.16484375 0.06328125 0.12734375
2 0.2421875 0.6375 0.08828125 0.1640625
2 0.43984375 0.24921875 0.0609375 0.12890625
3 0.740625 0.7765625 0.06796875 0.1328125
3 0.41796875 0.17734375 0.05390625 0.10859375
3 0.6828125 0.34453125 0.05 0.11328125
3 0.6046875 0.54375 0.059375 0.1203125
3 0.54453125 0.66875 0.06328125 0.121875