6 0.440625 0.43125 0.06171875 0.146875
11 0.4359375 0.3375 0.065625 0.13515625
10 0.34765625 0.14609375 0.0671875 0.1796875
8 0.4546875 0.64765625 0.075 0.146875
9 0.35625 0.5609375 0.0546875 0.12734375
9 0.2765625 0.1703125 0.0484375 0.10546875
9 0.25859375 0.3359375 0.0609375 0.1140625
7 0.16328125 0.30390625 0.0796875 0.2109375
5 0.2734375 0.06953125 0.05703125 0.12890625
2 0.23671875 0.640625 0.0828125 0.1625
1 0.7703125 0.29921875 0.084375 0.2
3 0.5890625 0.34609375 0.053125 0.11171875
3 0.42890625 0.5375 0.05546875 0.115625
3 0.54140625 0.665625 0.0578125 0.1140625