1 0.6921875 0.3109375 0.0859375 0.20625
10 0.73828125 0.13828125 0.0796875 0.171875
6 0.44296875 0.434375 0.0609375 0.14921875
11 0.43671875 0.3390625 0.06953125 0.1359375
5 0.271875 0.06953125 0.05625 0.12890625
7 0.165625 0.3046875 0.084375 0.21171875
9 0.27578125 0.16328125 0.05859375 0.1125
9 0.35625 0.559375 0.0609375 0.1140625
9 0.25859375 0.3359375 0.0546875 0.11875
3 0.346875 0.43984375 0.05625 0.11328125
3 0.59140625 0.34296875 0.05625 0.1140625
3 0.54375 0.66484375 0.05390625 0.11796875