1 0.76953125 0.3015625 0.084375 0.2015625
11 0.43359375 0.33671875 0.0640625 0.13671875
8 0.353125 0.425 0.06484375 0.146875
6 0.44140625 0.43125 0.05859375 0.15546875
10 0.346875 0.1453125 0.0671875 0.17734375
7 0.1671875 0.303125 0.0796875 0.2140625
9 0.27421875 0.1671875 0.0578125 0.1046875
9 0.25859375 0.33828125 0.0546875 0.1140625
9 0.3546875 0.56015625 0.05625 0.11953125
5 0.271875 0.07109375 0.0625 0.13203125
3 0.590625 0.3453125 0.053125 0.11796875
3 0.4296875 0.540625 0.0578125 0.109375
3 0.54296875 0.66484375 0.06015625 0.11875