4 0.7828125 0.29609375 0.0671875 0.15390625
1 0.7875 0.36953125 0.06953125 0.1859375
0 0.709375 0.615625 0.05390625 0.1375
0 0.7515625 0.21015625 0.05 0.134375
11 0.8375 0.73203125 0.071875 0.1375
11 0.740625 0.06796875 0.0484375 0.115625
2 0.440625 0.39453125 0.05625 0.1296875
2 0.59140625 0.13046875 0.04609375 0.13046875
3 0.66484375 0.146875 0.0390625 0.0828125
3 0.6578125 0.06015625 0.0421875 0.0953125
3 0.70859375 0.5078125 0.046875 0.09765625
3 0.696875 0.40234375 0.04609375 0.10078125
3 0.6734375 0.225 0.0421875 0.10078125
3 0.51640625 0.3 0.0390625 0.103125
3 0.615625 0.61640625 0.04921875 0.10703125
3 0.64453125 0.7390625 0.05234375 0.1140625
11 0.253125 0.74140625 0.065625 0.1328125
7 0.17109375 0.36328125 0.0734375 0.1953125
10 0.18515625 0.27734375 0.071875 0.16640625
6 0.159375 0.48828125 0.06171875 0.13828125
8 0.3640625 0.196875 0.0546875 0.1328125
8 0.1671875 0.60078125 0.0703125 0.13828125
9 0.44921875 0.73515625 0.053125 0.10703125
9 0.26484375 0.509375 0.04609375 0.09765625
9 0.2625 0.6140625 0.05625 0.1046875
9 0.27578125 0.41015625 0.04609375 0.103125
9 0.43671875 0.30078125 0.04375 0.09609375
9 0.42890625 0.14140625 0.04375 0.09375
9 0.28125 0.22109375 0.04375 0.1015625
9 0.28515625 0.06015625 0.04453125 0.1015625