7 0.1609375 0.4046875 0.075 0.20390625
11 0.196875 0.08984375 0.0578125 0.12578125
6 0.1859375 0.15 0.059375 0.14765625
6 0.14375 0.665625 0.07421875 0.14296875
8 0.16328125 0.5453125 0.06171875 0.1390625
8 0.34921875 0.32734375 0.05390625 0.1328125
10 0.34375 0.1484375 0.0640625 0.17578125
9 0.41328125 0.0859375 0.0484375 0.10859375
9 0.415625 0.246875 0.05 0.10546875
9 0.2734375 0.165625 0.0484375 0.1078125
9 0.26015625 0.33828125 0.05078125 0.10703125
9 0.2609375 0.43984375 0.05703125 0.109375
9 0.24609375 0.665625 0.06328125 0.1140625
4 0.51875 0.4203125 0.0625 0.1859375
0 0.35859375 0.54296875 0.0609375 0.146875
2 0.59375 0.3359375 0.06015625 0.14375
2 0.6359375 0.65234375 0.065625 0.1640625
1 0.771875 0.29453125 0.07890625 0.196875
0 0.65 0.0859375 0.05390625 0.1375
5 0.73203125 0.0859375 0.05546875 0.12578125
5 0.80546875 0.53984375 0.06875 0.14375
3 0.74140625 0.78359375 0.06015625 0.11328125
3 0.6828125 0.3453125 0.05 0.10546875
3 0.5765625 0.17578125 0.0484375 0.11171875
3 0.51328125 0.26171875 0.046875 0.10703125
3 0.60625 0.53515625 0.0515625 0.1140625
3 0.540625 0.6671875 0.05234375 0.11875