5 0.85 0.7828125 0.071875 0.13203125
5 0.7328125 0.08125 0.053125 0.1078125
4 0.70546875 0.41328125 0.06328125 0.16875
1 0.771875 0.29921875 0.078125 0.1921875
2 0.81640625 0.54296875 0.06953125 0.13125
2 0.60703125 0.34140625 0.059375 0.1328125
0 0.74140625 0.15703125 0.0546875 0.134375
0 0.5203125 0.33125 0.046875 0.1359375
3 0.74375 0.7859375 0.0578125 0.11328125
3 0.6828125 0.34375 0.04453125 0.103125
3 0.57578125 0.1765625 0.04375 0.1078125
3 0.50703125 0.08828125 0.0421875 0.10078125
3 0.5125 0.26328125 0.0421875 0.103125
3 0.5328125 0.44609375 0.0453125 0.10390625
3 0.6 0.5453125 0.04609375 0.1109375
3 0.54375 0.66796875 0.05078125 0.11953125
7 0.16484375 0.4046875 0.0734375 0.19296875
8 0.353125 0.33125 0.05703125 0.13515625
8 0.1609375 0.54609375 0.06796875 0.13203125
11 0.34765625 0.778125 0.065625 0.1390625
11 0.1984375 0.090625 0.05 0.11953125
6 0.1859375 0.15234375 0.05390625 0.1421875
6 0.14453125 0.665625 0.0609375 0.13984375
10 0.27578125 0.22109375 0.0671875 0.1640625
9 0.27421875 0.16796875 0.040625 0.10390625
9 0.26171875 0.33671875 0.04375 0.1015625
9 0.4140625 0.08515625 0.04296875 0.103125
9 0.41640625 0.2453125 0.04609375 0.10625
9 0.26015625 0.43828125 0.04921875 0.103125
9 0.24765625 0.66875 0.053125 0.1078125
9 0.4484375 0.78828125 0.05390625 0.11484375
9 0.4296875 0.56015625 0.04921875 0.11015625