2 0.58984375 0.1328125 0.05390625 0.1265625
2 0.44140625 0.390625 0.05390625 0.13984375
0 0.71015625 0.6140625 0.0625 0.134375
0 0.75859375 0.21953125 0.05390625 0.13515625
1 0.790625 0.36953125 0.07421875 0.19765625
5 0.83828125 0.73203125 0.0734375 0.1453125
5 0.5875 0.06328125 0.04921875 0.1140625
4 0.59921875 0.2921875 0.05625 0.16640625
3 0.66328125 0.14375 0.04375 0.09375
3 0.675 0.23046875 0.0453125 0.10078125
3 0.7078125 0.50625 0.053125 0.0984375
3 0.6984375 0.40078125 0.04609375 0.10078125
3 0.6171875 0.6171875 0.053125 0.1125
3 0.64375 0.740625 0.05078125 0.11328125
3 0.51796875 0.065625 0.0421875 0.0953125
3 0.515625 0.30234375 0.0421875 0.09765625
7 0.17265625 0.365625 0.071875 0.19609375
6 0.15703125 0.4859375 0.0609375 0.1328125
10 0.1875 0.278125 0.07109375 0.1734375
11 0.2546875 0.7421875 0.06640625 0.1390625
8 0.165625 0.59609375 0.06953125 0.14296875
8 0.3625 0.19765625 0.05078125 0.1296875
9 0.4359375 0.30234375 0.046875 0.10234375
9 0.428125 0.13984375 0.0484375 0.1046875
9 0.284375 0.05703125 0.04375 0.10546875
9 0.28203125 0.22109375 0.04375 0.1015625
9 0.2734375 0.4078125 0.05 0.0984375
9 0.265625 0.51328125 0.0515625 0.09609375
9 0.26328125 0.61328125 0.0515625 0.1046875
9 0.446875 0.73046875 0.05234375 0.10390625