7 0.175 0.36484375 0.065625 0.19453125
1 0.7890625 0.36875 0.071875 0.18984375
10 0.1890625 0.27734375 0.06328125 0.1703125
4 0.78359375 0.29765625 0.06953125 0.1625
8 0.1671875 0.6015625 0.0703125 0.13515625
2 0.44453125 0.39140625 0.0546875 0.134375
2 0.5890625 0.13046875 0.046875 0.13359375
6 0.1609375 0.48984375 0.05625 0.1328125
8 0.36640625 0.1953125 0.04765625 0.1328125
11 0.25546875 0.7421875 0.0609375 0.13203125
6 0.19375 0.20234375 0.05 0.13125
0 0.75078125 0.21171875 0.04609375 0.13046875
0 0.709375 0.6125 0.05625 0.1296875
0 0.840625 0.73203125 0.0703125 0.125
0 0.7421875 0.0640625 0.04765625 0.1078125
9 0.45 0.73984375 0.05 0.10703125
3 0.61953125 0.6140625 0.0515625 0.10625
3 0.64609375 0.7390625 0.04921875 0.1046875
9 0.2625 0.515625 0.05625 0.103125
9 0.2625 0.61640625 0.05859375 0.103125
9 0.2734375 0.4078125 0.0578125 0.10078125
9 0.2859375 0.05859375 0.0421875 0.10078125
9 0.2828125 0.22265625 0.04609375 0.1
3 0.70859375 0.50703125 0.05 0.09921875
3 0.5171875 0.29765625 0.0453125 0.0984375
3 0.67734375 0.2265625 0.0421875 0.09765625
9 0.4296875 0.1390625 0.04140625 0.09765625
9 0.27578125 0.309375 0.04609375 0.09609375
3 0.66640625 0.1453125 0.04140625 0.0921875
3 0.66015625 0.06171875 0.03828125 0.09140625
3 0.7 0.4015625 0.046875 0.10546875