10 0.275 0.21875 0.0671875 0.1640625
7 0.1609375 0.40703125 0.0734375 0.196875
8 0.35078125 0.32890625 0.06171875 0.13125
8 0.159375 0.54375 0.065625 0.1359375
11 0.3453125 0.77734375 0.06328125 0.140625
11 0.196875 0.0875 0.053125 0.11796875
6 0.1875 0.15078125 0.05390625 0.140625
6 0.14296875 0.6640625 0.06484375 0.1390625
0 0.3578125 0.54140625 0.059375 0.13671875
9 0.27265625 0.1640625 0.04609375 0.0921875
9 0.2578125 0.33828125 0.0453125 0.10546875
9 0.25859375 0.43828125 0.0546875 0.10859375
9 0.24609375 0.66796875 0.05546875 0.1125
9 0.446875 0.78828125 0.05546875 0.11484375
9 0.4296875 0.559375 0.05390625 0.1109375
9 0.415625 0.0859375 0.04609375 0.10078125
9 0.415625 0.24296875 0.04453125 0.1015625
2 0.60625 0.3390625 0.05234375 0.14453125
2 0.6484375 0.659375 0.07109375 0.1328125
5 0.84609375 0.7859375 0.075 0.1421875
1 0.771875 0.29921875 0.08125 0.2
5 0.73046875 0.08671875 0.0578125 0.12109375
0 0.65 0.08046875 0.05546875 0.14140625
4 0.5203125 0.42421875 0.06484375 0.17421875
3 0.74296875 0.78203125 0.05703125 0.1140625
3 0.575 0.17421875 0.0421875 0.10625
3 0.50703125 0.090625 0.0421875 0.10078125
3 0.51328125 0.265625 0.04765625 0.1015625
3 0.6828125 0.3421875 0.04765625 0.10078125
3 0.5984375 0.54453125 0.053125 0.103125
3 0.5421875 0.66484375 0.053125 0.115625