5 0.5875 0.06484375 0.0546875 0.10859375
1 0.7890625 0.37109375 0.0796875 0.19609375
5 0.840625 0.7265625 0.071875 0.1515625
0 0.62109375 0.50234375 0.0515625 0.13984375
4 0.596875 0.2953125 0.06796875 0.175
3 0.66328125 0.14296875 0.04609375 0.10703125
3 0.678125 0.22734375 0.0484375 0.109375
3 0.69765625 0.4015625 0.05 0.11484375
3 0.7046875 0.509375 0.05859375 0.10703125
3 0.64296875 0.7390625 0.06015625 0.12109375
3 0.5203125 0.06796875 0.040625 0.1140625
3 0.51484375 0.3015625 0.05078125 0.11015625
2 0.58671875 0.1328125 0.0578125 0.13671875
2 0.440625 0.39609375 0.065625 0.140625
8 0.365625 0.196875 0.05703125 0.14375
10 0.3625 0.29375 0.0609375 0.171875
7 0.16796875 0.36015625 0.07265625 0.196875
6 0.15859375 0.4875 0.06484375 0.14453125
11 0.25390625 0.7390625 0.06953125 0.1359375
8 0.16484375 0.60078125 0.0765625 0.1421875
9 0.271875 0.40859375 0.059375 0.10703125
9 0.2625 0.5125 0.0578125 0.10390625
9 0.26171875 0.61484375 0.0578125 0.1125
9 0.28359375 0.0578125 0.053125 0.10390625
9 0.2875 0.21796875 0.05234375 0.103125
9 0.43515625 0.30078125 0.0484375 0.1078125
9 0.446875 0.7390625 0.06796875 0.1234375