5 0.8390625 0.72890625 0.0765625 0.15703125
1 0.80703125 0.4875 0.08671875 0.2046875
4 0.59765625 0.29375 0.06328125 0.17265625
3 0.67734375 0.22890625 0.0484375 0.109375
3 0.69921875 0.40234375 0.053125 0.10703125
3 0.6234375 0.50234375 0.0546875 0.10859375
3 0.521875 0.06328125 0.034375 0.096875
3 0.5171875 0.30234375 0.04921875 0.103125
2 0.44296875 0.39296875 0.06328125 0.1375
8 0.509375 0.13515625 0.05234375 0.134375
6 0.44296875 0.5984375 0.0578125 0.1453125
7 0.2671875 0.3671875 0.075 0.19609375
10 0.3625 0.29140625 0.059375 0.18125
8 0.35625 0.48828125 0.0625 0.1453125
9 0.28359375 0.05546875 0.046875 0.10078125
9 0.28515625 0.215625 0.05 0.10390625
9 0.4375 0.29921875 0.0453125 0.09765625
9 0.4453125 0.7359375 0.059375 0.11015625
9 0.2625 0.61328125 0.0578125 0.10859375
11 0.2546875 0.7421875 0.078125 0.13828125