5 0.5890625 0.0640625 0.05390625 0.1109375
5 0.840625 0.72890625 0.0734375 0.13828125
1 0.78359375 0.36640625 0.0890625 0.19765625
4 0.59609375 0.29296875 0.06796875 0.1703125
3 0.66484375 0.1421875 0.0453125 0.1046875
3 0.67734375 0.228125 0.0421875 0.10546875
3 0.6984375 0.40234375 0.05078125 0.103125
3 0.7078125 0.50703125 0.04921875 0.10546875
3 0.5140625 0.30078125 0.04765625 0.1015625
3 0.51875 0.06640625 0.0453125 0.103125
2 0.590625 0.13046875 0.04609375 0.13046875
2 0.44140625 0.39453125 0.06171875 0.140625
6 0.2546875 0.74453125 0.06640625 0.13828125
6 0.1578125 0.4890625 0.0671875 0.1375
7 0.17109375 0.3640625 0.0765625 0.2015625
10 0.35859375 0.29609375 0.0765625 0.16796875
8 0.3640625 0.19140625 0.05234375 0.1359375
8 0.165625 0.6 0.07265625 0.14140625
9 0.4359375 0.30390625 0.04453125 0.10390625
9 0.2828125 0.05703125 0.0484375 0.10390625
9 0.28671875 0.215625 0.05078125 0.10859375
9 0.26171875 0.61484375 0.065625 0.1140625
9 0.4453125 0.7328125 0.06328125 0.115625