4 0.61640625 0.2875 0.06171875 0.17578125
8 0.5296875 0.12578125 0.06484375 0.15
10 0.3828125 0.28125 0.07109375 0.18984375
7 0.28671875 0.3578125 0.065625 0.19765625
9 0.45625 0.2921875 0.04765625 0.10625
9 0.3875 0.13828125 0.0515625 0.1140625
9 0.278125 0.60390625 0.059375 0.121875
11 0.20859375 0.19375 0.06171875 0.125
11 0.6546875 0.7171875 0.07265625 0.14375
2 0.46015625 0.38984375 0.065625 0.1453125
5 0.853125 0.7375 0.0703125 0.1390625
1 0.7375 0.59140625 0.08046875 0.2015625
3 0.64140625 0.50546875 0.05546875 0.1125
3 0.534375 0.296875 0.05 0.10625
3 0.69765625 0.228125 0.0484375 0.10703125