1 0.76640625 0.29921875 0.07734375 0.20078125
5 0.8015625 0.5296875 0.07109375 0.13359375
5 0.7328125 0.0859375 0.05390625 0.12578125
2 0.5953125 0.3359375 0.0578125 0.140625
2 0.6390625 0.65390625 0.07109375 0.15234375
3 0.73984375 0.78203125 0.059375 0.11484375
4 0.51953125 0.42421875 0.065625 0.17421875
3 0.57734375 0.17421875 0.05 0.1125
3 0.684375 0.34453125 0.046875 0.1078125
3 0.6046875 0.53984375 0.053125 0.11171875
3 0.54453125 0.665625 0.04609375 0.11171875
3 0.51484375 0.2625 0.04921875 0.103125
0 0.65234375 0.07890625 0.05234375 0.1375
0 0.359375 0.5375 0.06171875 0.14765625
10 0.34609375 0.146875 0.06171875 0.1734375
7 0.16328125 0.40546875 0.08515625 0.20390625
8 0.2375 0.7875 0.06875 0.1546875
11 0.19609375 0.0859375 0.0515625 0.125
6 0.18828125 0.14765625 0.053125 0.14296875
6 0.14140625 0.6609375 0.0703125 0.15
8 0.3515625 0.32890625 0.06328125 0.1421875
9 0.4125 0.0859375 0.05078125 0.10859375
9 0.415625 0.24375 0.04765625 0.11171875
9 0.2734375 0.165625 0.04921875 0.10703125
9 0.259375 0.33671875 0.04921875 0.10390625
9 0.259375 0.43828125 0.05546875 0.1140625
9 0.25 0.6640625 0.05390625 0.1125