0 0.59921875 0.1578125 0.05703125 0.14296875
1 0.76953125 0.2953125 0.08515625 0.2078125
5 0.51640625 0.24453125 0.06328125 0.12265625
2 0.43828125 0.24921875 0.06328125 0.13125
2 0.4390625 0.77890625 0.078125 0.1578125
3 0.7421875 0.7796875 0.06484375 0.1328125
5 0.56875 0.08203125 0.06015625 0.12734375
3 0.68203125 0.34140625 0.05625 0.1109375
3 0.54140625 0.665625 0.05546875 0.1203125
3 0.60703125 0.53671875 0.0609375 0.12109375
3 0.4921875 0.1703125 0.05 0.11015625
3 0.41875 0.17734375 0.04609375 0.11484375
7 0.16328125 0.40859375 0.0828125 0.2078125
10 0.3453125 0.14453125 0.06171875 0.1765625
8 0.23515625 0.7875 0.08203125 0.15859375
11 0.1984375 0.08671875 0.059375 0.12578125
6 0.18671875 0.15078125 0.05859375 0.146875
6 0.35625 0.4265625 0.0609375 0.14453125
9 0.4125 0.0859375 0.05 0.10859375
9 0.27265625 0.165625 0.0515625 0.10625
9 0.26015625 0.33984375 0.05390625 0.11328125
9 0.26015625 0.43828125 0.05703125 0.11875
9 0.3546875 0.5609375 0.05703125 0.11953125