11 0.196875 0.084375 0.0546875 0.12109375
8 0.2359375 0.790625 0.08203125 0.15234375
7 0.1609375 0.409375 0.0796875 0.2015625
10 0.3453125 0.14609375 0.0578125 0.175
8 0.35 0.3234375 0.06171875 0.12578125
6 0.18671875 0.153125 0.0578125 0.1421875
6 0.35546875 0.42421875 0.06171875 0.1359375
9 0.4171875 0.246875 0.0484375 0.10859375
9 0.41171875 0.084375 0.0515625 0.10625
9 0.271875 0.16796875 0.0484375 0.10703125
9 0.2578125 0.340625 0.04921875 0.10703125
9 0.259375 0.43515625 0.06015625 0.1109375
9 0.25 0.66796875 0.05625 0.1171875
0 0.6515625 0.08359375 0.05546875 0.146875
2 0.634375 0.6578125 0.0640625 0.16015625
2 0.59375 0.3375 0.059375 0.15078125
0 0.36015625 0.53828125 0.06328125 0.14140625
4 0.5171875 0.42421875 0.06484375 0.1828125
1 0.7671875 0.3 0.08203125 0.2015625
5 0.803125 0.53515625 0.06953125 0.1453125
5 0.73125 0.0859375 0.05546875 0.128125
3 0.575 0.17109375 0.04375 0.10859375
3 0.51171875 0.26328125 0.0484375 0.103125
3 0.6828125 0.34453125 0.05078125 0.10859375
3 0.60546875 0.53515625 0.05546875 0.1140625
3 0.53984375 0.66796875 0.0546875 0.109375
3 0.7421875 0.7796875 0.06171875 0.12109375