5 0.840625 0.72890625 0.0765625 0.15234375
3 0.51875 0.06015625 0.0515625 0.10546875
1 0.78984375 0.36953125 0.084375 0.2078125
4 0.596875 0.290625 0.0671875 0.1796875
3 0.69921875 0.4046875 0.05859375 0.10078125
3 0.67578125 0.2296875 0.05546875 0.09921875
3 0.6640625 0.14453125 0.04765625 0.10390625
3 0.51796875 0.30234375 0.04609375 0.10703125
3 0.6265625 0.51484375 0.05625 0.1140625
2 0.43984375 0.3953125 0.06953125 0.140625
6 0.44375 0.60234375 0.0671875 0.146875
10 0.36171875 0.29140625 0.065625 0.1890625
8 0.50859375 0.13671875 0.0578125 0.14609375
8 0.165625 0.603125 0.078125 0.146875
7 0.1703125 0.3640625 0.07890625 0.20078125
11 0.25546875 0.74140625 0.0765625 0.13828125
9 0.2625 0.615625 0.05859375 0.115625
9 0.43828125 0.3015625 0.05390625 0.10703125
9 0.284375 0.05625 0.04765625 0.10703125
9 0.28671875 0.22109375 0.053125 0.09921875
9 0.4515625 0.73359375 0.06328125 0.1203125