4 0.78828125 0.2875 0.059375 0.14296875
1 0.7921875 0.36796875 0.078125 0.18203125
0 0.76171875 0.215625 0.0515625 0.12578125
0 0.80390625 0.49921875 0.05859375 0.12578125
5 0.74609375 0.13359375 0.0546875 0.1140625
5 0.8265625 0.60859375 0.07109375 0.1296875
5 0.74296875 0.06640625 0.04765625 0.10703125
5 0.8390625 0.73359375 0.07421875 0.12734375
3 0.659375 0.06484375 0.040625 0.09296875
3 0.665625 0.14375 0.0421875 0.0921875
3 0.675 0.22421875 0.0453125 0.09453125
3 0.684375 0.30390625 0.0453125 0.10546875
3 0.69921875 0.3984375 0.04140625 0.10234375
3 0.71171875 0.50234375 0.04375 0.10625
3 0.725 0.6125 0.04609375 0.1046875
3 0.7390625 0.73359375 0.0515625 0.11484375
10 0.18828125 0.27890625 0.0640625 0.1640625
7 0.17421875 0.3640625 0.06796875 0.18984375
6 0.19296875 0.203125 0.05234375 0.128125
6 0.159375 0.48515625 0.059375 0.13671875
8 0.2 0.12890625 0.0546875 0.11796875
8 0.15546875 0.61953125 0.0671875 0.13515625
11 0.14375 0.74453125 0.0671875 0.13984375
9 0.28203125 0.05703125 0.04609375 0.0875
9 0.28203125 0.13828125 0.04765625 0.09140625
9 0.28125 0.22265625 0.04609375 0.09609375
9 0.2734375 0.30859375 0.05625 0.0984375
9 0.27265625 0.4109375 0.05625 0.10390625
9 0.26171875 0.51171875 0.0578125 0.09453125
9 0.26171875 0.61484375 0.0609375 0.1046875
9 0.25078125 0.73671875 0.0609375 0.103125