11 0.6421875 0.7203125 0.071875 0.13515625
5 0.83984375 0.73046875 0.0765625 0.13359375
1 0.72265625 0.58984375 0.08125 0.20234375
4 0.59921875 0.29140625 0.06015625 0.1703125
3 0.69765625 0.40625 0.04921875 0.10859375
3 0.67578125 0.2234375 0.04375 0.10546875
3 0.62421875 0.503125 0.05078125 0.10859375
3 0.51953125 0.30234375 0.05234375 0.10625
10 0.36328125 0.290625 0.059375 0.1734375
7 0.2671875 0.3734375 0.0734375 0.1984375
6 0.4421875 0.5984375 0.06328125 0.15234375
2 0.43828125 0.39609375 0.0609375 0.1359375
8 0.50703125 0.13671875 0.0546875 0.13984375
8 0.3546875 0.49375 0.05703125 0.14375
9 0.4359375 0.30078125 0.04765625 0.1
9 0.28515625 0.059375 0.0484375 0.096875
9 0.2875 0.21640625 0.04609375 0.10390625
9 0.26484375 0.6140625 0.05546875 0.109375