1 0.771875 0.29765625 0.07109375 0.19140625
4 0.7046875 0.4203125 0.06875 0.178125
5 0.84609375 0.78203125 0.07734375 0.13359375
5 0.7328125 0.084375 0.05703125 0.11796875
0 0.3578125 0.53984375 0.06328125 0.14296875
0 0.65078125 0.07890625 0.05234375 0.140625
2 0.60546875 0.3421875 0.05625 0.1421875
2 0.64609375 0.66015625 0.065625 0.134375
3 0.596875 0.5453125 0.05859375 0.1140625
3 0.7390625 0.784375 0.06171875 0.1125
3 0.68203125 0.34609375 0.04375 0.10703125
3 0.5765625 0.178125 0.0421875 0.10625
3 0.50703125 0.09140625 0.04765625 0.103125
3 0.51484375 0.26328125 0.04609375 0.11015625
3 0.3546875 0.4515625 0.04609375 0.1046875
3 0.54296875 0.66484375 0.05 0.1140625
11 0.19609375 0.08984375 0.05078125 0.11640625
11 0.3453125 0.77734375 0.0640625 0.14296875
10 0.27421875 0.221875 0.0671875 0.16796875
7 0.1609375 0.40625 0.071875 0.190625
6 0.1859375 0.15234375 0.05546875 0.1375
6 0.14296875 0.66328125 0.06796875 0.13828125
8 0.1625 0.54609375 0.07421875 0.1328125
8 0.3515625 0.32890625 0.05703125 0.1296875
9 0.4171875 0.24453125 0.04765625 0.1078125
9 0.41171875 0.0859375 0.04609375 0.10390625
9 0.27265625 0.16640625 0.04765625 0.0984375
9 0.2609375 0.340625 0.04765625 0.10703125
9 0.24609375 0.66796875 0.05625 0.1140625
9 0.259375 0.4359375 0.05390625 0.1125
9 0.43125 0.55859375 0.04765625 0.11171875
9 0.4453125 0.79140625 0.0578125 0.11640625