5 0.7328125 0.08515625 0.0546875 0.12109375
5 0.84765625 0.7828125 0.075 0.1359375
1 0.771875 0.29921875 0.071875 0.19609375
4 0.709375 0.409375 0.065625 0.16484375
3 0.6828125 0.34375 0.040625 0.10390625
3 0.74375 0.78125 0.05546875 0.109375
2 0.81640625 0.54609375 0.071875 0.12578125
2 0.60703125 0.340625 0.0546875 0.1375
0 0.653125 0.08125 0.05 0.13515625
0 0.515625 0.33359375 0.0609375 0.13828125
3 0.50703125 0.08984375 0.0421875 0.1
3 0.57734375 0.17578125 0.0421875 0.1015625
3 0.51484375 0.265625 0.04609375 0.1046875
3 0.53359375 0.44453125 0.04453125 0.10390625
3 0.59921875 0.5453125 0.04765625 0.1109375
3 0.54296875 0.665625 0.05390625 0.1140625
8 0.3515625 0.32890625 0.059375 0.1359375
8 0.16015625 0.54453125 0.07578125 0.13125
7 0.16484375 0.4078125 0.07109375 0.1921875
6 0.14296875 0.6640625 0.06640625 0.13828125
6 0.18671875 0.15234375 0.05625 0.13515625
11 0.1984375 0.09140625 0.04765625 0.121875
11 0.346875 0.77734375 0.0671875 0.13828125
9 0.24609375 0.6671875 0.053125 0.11015625
9 0.26015625 0.4375 0.05390625 0.10078125
9 0.26171875 0.34140625 0.05 0.10078125
10 0.27421875 0.22109375 0.06953125 0.1640625
9 0.275 0.16328125 0.04140625 0.09296875
9 0.4140625 0.08828125 0.04453125 0.10078125
9 0.41640625 0.24453125 0.04609375 0.1015625
9 0.4296875 0.55859375 0.0515625 0.1078125
9 0.446875 0.7875 0.05625 0.1140625