1 0.7671875 0.3 0.07734375 0.20078125
2 0.5953125 0.33828125 0.05546875 0.14453125
2 0.440625 0.7796875 0.06640625 0.159375
5 0.5703125 0.07890625 0.05625 0.128125
5 0.521875 0.43359375 0.0609375 0.1375
3 0.7421875 0.78125 0.06171875 0.1234375
3 0.6828125 0.34140625 0.05234375 0.109375
3 0.6078125 0.5390625 0.05 0.115625
3 0.54140625 0.6625 0.0578125 0.1140625
3 0.51484375 0.2640625 0.05390625 0.103125
3 0.49140625 0.171875 0.05 0.10859375
0 0.596875 0.159375 0.05078125 0.14921875
0 0.35390625 0.5375 0.06796875 0.1484375
10 0.346875 0.146875 0.0578125 0.1765625
8 0.23828125 0.78828125 0.07265625 0.16171875
8 0.34921875 0.32421875 0.06015625 0.13515625
6 0.35703125 0.4296875 0.05546875 0.13828125
6 0.184375 0.15078125 0.06875 0.1421875
11 0.19765625 0.0921875 0.05625 0.1203125
7 0.1640625 0.4046875 0.07734375 0.2015625
9 0.4109375 0.0859375 0.05078125 0.10859375
9 0.275 0.1671875 0.05078125 0.10390625
9 0.26015625 0.3375 0.04921875 0.10078125
9 0.259375 0.434375 0.053125 0.1109375
9 0.24921875 0.66640625 0.05859375 0.11484375