0 0.70859375 0.61328125 0.071875 0.1359375
1 0.78828125 0.36640625 0.0796875 0.2015625
4 0.59921875 0.29375 0.0609375 0.17734375
5 0.8375 0.7328125 0.08203125 0.134375
5 0.58828125 0.06484375 0.04765625 0.11640625
3 0.6640625 0.14296875 0.04453125 0.10546875
3 0.67578125 0.225 0.04921875 0.103125
3 0.70078125 0.40234375 0.05390625 0.10703125
3 0.7078125 0.50546875 0.053125 0.1078125
3 0.640625 0.73984375 0.05703125 0.11796875
3 0.51796875 0.06640625 0.0453125 0.1078125
3 0.5203125 0.30078125 0.046875 0.10390625
2 0.58984375 0.13359375 0.0515625 0.13515625
2 0.4421875 0.3953125 0.05625 0.14453125
10 0.36328125 0.29453125 0.06484375 0.1703125
11 0.253125 0.73828125 0.0671875 0.13125
7 0.17109375 0.3625 0.0734375 0.1921875
6 0.1578125 0.4875 0.06328125 0.1359375
8 0.36484375 0.190625 0.05390625 0.12890625
8 0.1625 0.603125 0.07421875 0.14296875
9 0.43671875 0.30078125 0.0484375 0.10546875
9 0.2859375 0.0578125 0.04921875 0.103125
9 0.28828125 0.21640625 0.0484375 0.103125
9 0.27265625 0.40859375 0.059375 0.10390625
9 0.26328125 0.51171875 0.05546875 0.103125
9 0.2625 0.61484375 0.0578125 0.109375
9 0.45 0.73671875 0.0546875 0.11796875