8 0.4296875 0.1578125 0.059375 0.13984375
8 0.234375 0.78984375 0.07890625 0.15859375
7 0.1640625 0.40859375 0.08515625 0.21328125
10 0.34375 0.1515625 0.06640625 0.175
11 0.19765625 0.08828125 0.06953125 0.13125
6 0.1859375 0.1515625 0.065625 0.146875
6 0.35546875 0.42578125 0.0640625 0.14765625
9 0.4109375 0.0828125 0.05625 0.1046875
9 0.271875 0.1640625 0.053125 0.1015625
9 0.25859375 0.33515625 0.05703125 0.1140625
9 0.2484375 0.66328125 0.0578125 0.1171875
9 0.259375 0.4359375 0.05625 0.11953125
1 0.7671875 0.2984375 0.084375 0.20625
2 0.59765625 0.33671875 0.059375 0.15078125
2 0.43984375 0.78046875 0.07109375 0.153125
5 0.56875 0.0765625 0.05390625 0.12890625
5 0.52109375 0.43515625 0.06171875 0.13828125
0 0.59609375 0.159375 0.0484375 0.14921875
0 0.35859375 0.54296875 0.0625 0.14921875
3 0.5140625 0.26484375 0.04765625 0.1078125
3 0.4890625 0.17109375 0.05078125 0.10234375
3 0.6859375 0.346875 0.05234375 0.1109375
3 0.74453125 0.784375 0.059375 0.1203125
3 0.60625 0.53984375 0.0515625 0.1265625
3 0.5421875 0.6625 0.0578125 0.1234375