0 0.596875 0.15703125 0.05234375 0.1453125
1 0.76953125 0.29921875 0.08203125 0.1953125
2 0.24296875 0.63984375 0.0703125 0.15703125
2 0.35 0.4328125 0.0671875 0.1484375
3 0.74140625 0.7875 0.0609375 0.1171875
3 0.6859375 0.34375 0.05390625 0.1125
3 0.6078125 0.5375 0.05078125 0.1140625
3 0.54140625 0.6671875 0.059375 0.121875
5 0.57109375 0.0796875 0.0515625 0.12734375
5 0.51015625 0.34375 0.05625 0.12578125
11 0.19609375 0.0875 0.05546875 0.1234375
3 0.41875 0.18203125 0.0484375 0.1109375
7 0.16875 0.30625 0.0828125 0.20078125
8 0.23671875 0.78828125 0.0828125 0.1546875
6 0.1859375 0.1453125 0.0640625 0.1578125
10 0.3484375 0.1484375 0.06328125 0.184375
9 0.27265625 0.16640625 0.05078125 0.1078125
9 0.259375 0.3390625 0.05390625 0.1140625
9 0.26015625 0.4359375 0.0578125 0.1125
9 0.35546875 0.5625 0.0578125 0.115625