6 0.1859375 0.15078125 0.06484375 0.13828125
6 0.35625 0.42421875 0.05078125 0.13203125
8 0.23515625 0.78515625 0.071875 0.15625
8 0.35234375 0.32578125 0.059375 0.13359375
10 0.3453125 0.1453125 0.06328125 0.1734375
7 0.16171875 0.4078125 0.078125 0.1984375
11 0.196875 0.090625 0.059375 0.12578125
9 0.4140625 0.0828125 0.04609375 0.1078125
9 0.25 0.665625 0.05546875 0.11328125
9 0.26015625 0.43671875 0.059375 0.10703125
9 0.26015625 0.33828125 0.05234375 0.10859375
9 0.275 0.1640625 0.05078125 0.1140625
0 0.59765625 0.1609375 0.05078125 0.146875
0 0.3578125 0.53828125 0.05546875 0.14296875
2 0.44140625 0.77734375 0.0671875 0.153125
2 0.5953125 0.33515625 0.0578125 0.14140625
1 0.76875 0.29375 0.0796875 0.19765625
5 0.5703125 0.08046875 0.05078125 0.12265625
5 0.78984375 0.4359375 0.0703125 0.12890625
3 0.7421875 0.78359375 0.0609375 0.1140625
3 0.6859375 0.340625 0.046875 0.109375
3 0.48984375 0.171875 0.0421875 0.10078125
3 0.51484375 0.2640625 0.0421875 0.10546875
3 0.6078125 0.5375 0.053125 0.1140625
3 0.5421875 0.66640625 0.05078125 0.1125