10 0.27265625 0.22109375 0.071875 0.1640625
1 0.7703125 0.2984375 0.0765625 0.18984375
0 0.65078125 0.078125 0.053125 0.1375
5 0.73203125 0.08515625 0.05390625 0.115625
3 0.684375 0.34296875 0.04921875 0.10078125
5 0.84765625 0.7828125 0.07890625 0.13515625
3 0.74140625 0.7859375 0.0609375 0.10859375
2 0.6484375 0.6625 0.0671875 0.13203125
2 0.6078125 0.3421875 0.053125 0.1328125
4 0.51953125 0.41953125 0.06328125 0.17421875
3 0.540625 0.66796875 0.05546875 0.1109375
3 0.5984375 0.5453125 0.0484375 0.11015625
3 0.5765625 0.17421875 0.04296875 0.09921875
3 0.5078125 0.08984375 0.03671875 0.1015625
3 0.51328125 0.26171875 0.04609375 0.1015625
3 0.3578125 0.45078125 0.04609375 0.10703125
0 0.359375 0.5375 0.05546875 0.13828125
7 0.16171875 0.40625 0.0703125 0.19375
11 0.196875 0.08671875 0.0515625 0.11953125
8 0.3515625 0.32890625 0.059375 0.128125
8 0.16015625 0.5453125 0.06875 0.1328125
6 0.1859375 0.1515625 0.053125 0.1390625
6 0.14140625 0.6625 0.0671875 0.1375
9 0.27265625 0.1640625 0.04296875 0.0921875
9 0.25859375 0.334375 0.05078125 0.10078125
9 0.2453125 0.6671875 0.05703125 0.1140625
9 0.25859375 0.4375 0.05078125 0.1046875
9 0.4140625 0.08671875 0.04375 0.10078125
9 0.4171875 0.24453125 0.04375 0.1046875
9 0.43125 0.55703125 0.046875 0.10703125