8 0.24375 0.64140625 0.06953125 0.159375
1 0.76953125 0.30390625 0.08125 0.2015625
5 0.571875 0.08125 0.05703125 0.13125
0 0.50625 0.23046875 0.0578125 0.14609375
3 0.41953125 0.18046875 0.05 0.10546875
3 0.68515625 0.346875 0.04609375 0.1125
3 0.60625 0.5390625 0.05390625 0.1203125
3 0.5421875 0.665625 0.0546875 0.11640625
8 0.453125 0.64609375 0.07109375 0.15546875
6 0.43984375 0.42890625 0.059375 0.15546875
7 0.1640625 0.30234375 0.07578125 0.2078125
11 0.43359375 0.078125 0.0546875 0.12734375
10 0.3453125 0.14765625 0.059375 0.1765625
9 0.27265625 0.1671875 0.0515625 0.10859375
9 0.259375 0.34140625 0.059375 0.11015625
9 0.3484375 0.33125 0.0546875 0.1140625
9 0.35625 0.55703125 0.05546875 0.125