1 0.77109375 0.3 0.0734375 0.19296875
4 0.70703125 0.409375 0.071875 0.1703125
2 0.6078125 0.34140625 0.0546875 0.13515625
2 0.8140625 0.54609375 0.0796875 0.12734375
5 0.84921875 0.7828125 0.07734375 0.1296875
5 0.7296875 0.08671875 0.0546875 0.11875
0 0.6484375 0.08125 0.05390625 0.1328125
0 0.51953125 0.33125 0.0484375 0.1328125
3 0.74140625 0.78359375 0.05625 0.11015625
3 0.68203125 0.3421875 0.0453125 0.103125
3 0.57734375 0.178125 0.0421875 0.1015625
3 0.50625 0.09140625 0.04140625 0.0984375
3 0.51328125 0.26328125 0.04375 0.103125
3 0.59765625 0.54609375 0.05078125 0.1046875
3 0.54296875 0.66796875 0.04765625 0.11171875
3 0.35546875 0.4515625 0.0546875 0.10234375
8 0.3515625 0.328125 0.05546875 0.1328125
7 0.1625 0.40625 0.071875 0.19375
11 0.1625 0.54609375 0.0671875 0.13046875
11 0.3453125 0.77734375 0.06640625 0.1359375
11 0.196875 0.08828125 0.05 0.11484375
6 0.18515625 0.15234375 0.05546875 0.1421875
6 0.14140625 0.66640625 0.06875 0.146875
10 0.27421875 0.21875 0.06875 0.1640625
9 0.275 0.1640625 0.040625 0.09453125
9 0.4140625 0.084375 0.0421875 0.10078125
9 0.41796875 0.24609375 0.04375 0.10234375
9 0.259375 0.33828125 0.04609375 0.10234375
9 0.246875 0.66484375 0.05625 0.11015625
9 0.259375 0.4359375 0.0546875 0.10703125
9 0.428125 0.559375 0.05390625 0.10859375
9 0.44765625 0.78828125 0.05546875 0.1125