4 0.7828125 0.29609375 0.0734375 0.1625
1 0.7890625 0.36953125 0.07734375 0.1890625
0 0.7625 0.2140625 0.0515625 0.128125
0 0.8046875 0.49609375 0.059375 0.128125
2 0.746875 0.13671875 0.05546875 0.11875
2 0.8265625 0.6125 0.071875 0.1234375
5 0.7421875 0.0671875 0.04921875 0.1015625
5 0.840625 0.7328125 0.06875 0.12265625
3 0.7390625 0.73515625 0.05078125 0.1015625
3 0.7234375 0.6140625 0.05078125 0.096875
3 0.71171875 0.509375 0.05 0.0953125
3 0.69921875 0.4046875 0.04375 0.09453125
3 0.6859375 0.3078125 0.04375 0.09453125
3 0.67421875 0.228125 0.0453125 0.09375
3 0.66640625 0.14609375 0.04140625 0.0921875
3 0.6609375 0.0609375 0.03828125 0.096875
10 0.1890625 0.27734375 0.06328125 0.16640625
7 0.17421875 0.3640625 0.0671875 0.1921875
6 0.1921875 0.203125 0.05 0.128125
6 0.159375 0.4890625 0.059375 0.13671875
8 0.19921875 0.128125 0.05625 0.12109375
8 0.15703125 0.621875 0.06640625 0.13203125
11 0.140625 0.746875 0.07109375 0.1359375
9 0.28203125 0.0578125 0.04375 0.08828125
9 0.28203125 0.1390625 0.0453125 0.08984375
9 0.28046875 0.2234375 0.04296875 0.09609375
9 0.275 0.30703125 0.05 0.096875
9 0.2734375 0.40859375 0.05390625 0.10078125
9 0.26484375 0.5109375 0.05390625 0.0984375
9 0.2640625 0.6125 0.0515625 0.10625
9 0.25390625 0.73359375 0.0515625 0.11171875