11 0.4390625 0.253125 0.0578125 0.12734375
7 0.3515625 0.4109375 0.0734375 0.20078125
9 0.4265625 0.33984375 0.053125 0.11015625
9 0.35390625 0.1796875 0.053125 0.10859375
9 0.26875 0.0890625 0.05078125 0.1046875
9 0.2546875 0.6734375 0.05859375 0.1140625
1 0.65703125 0.746875 0.08125 0.2078125
5 0.8453125 0.78359375 0.078125 0.13828125
4 0.59375 0.325 0.06328125 0.18125
3 0.6765625 0.2546875 0.04296875 0.10546875
3 0.5140625 0.33671875 0.04609375 0.1046875
3 0.62265625 0.546875 0.053125 0.11171875