1 0.76875 0.30078125 0.071875 0.18828125
4 0.790625 0.403125 0.07265625 0.16796875
2 0.81484375 0.53984375 0.06875 0.125
2 0.76640625 0.2453125 0.06328125 0.11953125
0 0.82265625 0.65390625 0.065625 0.1390625
0 0.74140625 0.1546875 0.05 0.1375
5 0.7265625 0.08359375 0.05390625 0.1140625
5 0.8484375 0.784375 0.078125 0.1328125
3 0.74296875 0.78515625 0.05625 0.1078125
3 0.72421875 0.6453125 0.053125 0.1078125
3 0.7 0.54453125 0.05078125 0.10234375
3 0.696875 0.4296875 0.0484375 0.1
3 0.678125 0.34296875 0.05546875 0.10078125
3 0.67578125 0.26796875 0.04765625 0.10078125
3 0.65390625 0.178125 0.04609375 0.09765625
3 0.653125 0.08984375 0.04140625 0.10078125
10 0.1765625 0.3265625 0.06875 0.1734375
7 0.1609375 0.40703125 0.075 0.19375
8 0.16953125 0.2453125 0.06015625 0.12109375
8 0.1578125 0.54375 0.07734375 0.1359375
6 0.18515625 0.14609375 0.059375 0.1421875
6 0.13984375 0.66171875 0.06796875 0.14296875
11 0.1953125 0.09140625 0.05625 0.11640625
11 0.134375 0.80703125 0.0765625 0.13828125
9 0.26640625 0.09140625 0.0484375 0.09921875
9 0.2734375 0.16953125 0.0484375 0.10390625
9 0.26015625 0.25546875 0.05078125 0.103125
9 0.25859375 0.33984375 0.053125 0.1015625
9 0.26015625 0.43671875 0.05625 0.109375
9 0.2390625 0.80234375 0.0609375 0.10859375
9 0.24375 0.6640625 0.059375 0.115625
9 0.43046875 0.55703125 0.053125 0.11328125