8 0.35 0.32578125 0.05859375 0.13125
7 0.1625 0.40234375 0.0734375 0.19453125
8 0.1625 0.54765625 0.071875 0.13671875
6 0.14296875 0.66328125 0.06484375 0.1421875
11 0.34296875 0.7765625 0.0671875 0.13984375
11 0.196875 0.0890625 0.05234375 0.11484375
6 0.184375 0.15234375 0.0609375 0.1375
9 0.259375 0.34140625 0.05625 0.09453125
9 0.246875 0.66875 0.05234375 0.10625
9 0.2734375 0.1625 0.0421875 0.09609375
9 0.2609375 0.43828125 0.05 0.10078125
10 0.27421875 0.21953125 0.06171875 0.16796875
9 0.41328125 0.08671875 0.0453125 0.103125
9 0.4171875 0.24609375 0.04609375 0.1
9 0.42890625 0.56015625 0.05 0.10546875
9 0.4484375 0.7859375 0.05625 0.109375
1 0.771875 0.30234375 0.075 0.19609375
2 0.81640625 0.54453125 0.0734375 0.1328125
5 0.84765625 0.78515625 0.07421875 0.1375
5 0.73046875 0.08359375 0.053125 0.1171875
0 0.65078125 0.0828125 0.0515625 0.1375
0 0.35546875 0.54296875 0.06171875 0.13515625
3 0.35546875 0.44765625 0.04609375 0.09765625
3 0.5765625 0.175 0.0421875 0.1
3 0.5046875 0.0890625 0.0421875 0.09765625
3 0.51171875 0.2640625 0.0453125 0.1
3 0.54453125 0.665625 0.0484375 0.10859375
3 0.74375 0.78515625 0.053125 0.10703125
4 0.70390625 0.41171875 0.07109375 0.1734375
2 0.60625 0.3421875 0.0625 0.140625
3 0.68046875 0.34296875 0.05 0.10703125
3 0.5984375 0.54375 0.05390625 0.109375