5 0.5859375 0.06796875 0.053125 0.12265625
5 0.83984375 0.73359375 0.07421875 0.13828125
1 0.78984375 0.36953125 0.07890625 0.1984375
4 0.596875 0.29140625 0.06953125 0.17109375
3 0.6640625 0.14375 0.04453125 0.10078125
3 0.67578125 0.228125 0.04609375 0.10703125
3 0.69765625 0.39921875 0.053125 0.1125
3 0.62109375 0.5046875 0.05 0.10703125
3 0.51640625 0.30234375 0.05390625 0.10703125
3 0.5171875 0.06484375 0.04609375 0.1
2 0.58984375 0.13359375 0.0484375 0.1328125
2 0.43671875 0.39453125 0.06953125 0.13828125
10 0.36015625 0.2953125 0.07109375 0.16953125
11 0.2546875 0.74375 0.06953125 0.1359375
7 0.16640625 0.36171875 0.07890625 0.19609375
6 0.1546875 0.48671875 0.075 0.1375
8 0.365625 0.1953125 0.06015625 0.1359375
8 0.1640625 0.60625 0.07734375 0.14375
9 0.4359375 0.2984375 0.05 0.10546875
9 0.28359375 0.05546875 0.0453125 0.10234375
9 0.28515625 0.215625 0.0484375 0.10859375
9 0.2625 0.61328125 0.059375 0.1203125
9 0.44453125 0.73359375 0.0609375 0.1171875