6 0.440625 0.43046875 0.0703125 0.1515625
7 0.1640625 0.30625 0.08125 0.2140625
10 0.3453125 0.146875 0.059375 0.1765625
11 0.4234375 0.15859375 0.06015625 0.12890625
9 0.2734375 0.16953125 0.053125 0.1109375
9 0.26171875 0.33671875 0.06015625 0.1203125
9 0.34765625 0.33125 0.05390625 0.1140625
9 0.35703125 0.56015625 0.0578125 0.125
8 0.453125 0.64921875 0.0703125 0.15390625
2 0.24375 0.640625 0.07265625 0.1546875
1 0.7703125 0.2984375 0.084375 0.196875
5 0.57265625 0.0859375 0.06171875 0.1296875
0 0.5078125 0.23359375 0.05625 0.15
3 0.684375 0.34609375 0.0484375 0.10859375
3 0.60859375 0.5390625 0.0546875 0.1140625
3 0.54375 0.66484375 0.05546875 0.12421875