4 0.5953125 0.296875 0.07265625 0.1703125
1 0.78671875 0.36953125 0.0875 0.2
5 0.83828125 0.725 0.0765625 0.15234375
5 0.584375 0.0609375 0.053125 0.1109375
2 0.58984375 0.134375 0.06328125 0.1296875
2 0.4421875 0.3921875 0.0671875 0.140625
3 0.665625 0.14609375 0.04609375 0.10078125
3 0.67734375 0.22890625 0.04609375 0.10546875
3 0.6984375 0.4015625 0.05 0.11796875
3 0.625 0.50234375 0.05625 0.1109375
3 0.515625 0.3 0.05078125 0.1046875
3 0.51953125 0.065625 0.04921875 0.10703125
10 0.3609375 0.29453125 0.0734375 0.16953125
6 0.2578125 0.38046875 0.065625 0.15078125
11 0.3640625 0.18984375 0.059375 0.13671875
11 0.16484375 0.60078125 0.0765625 0.153125
7 0.1671875 0.3671875 0.0796875 0.2046875
11 0.25078125 0.73984375 0.0765625 0.1421875
9 0.28203125 0.05703125 0.04921875 0.10078125
9 0.2625 0.6140625 0.05625 0.115625
9 0.28828125 0.21796875 0.05625 0.11328125
9 0.43515625 0.3015625 0.05078125 0.10703125
9 0.446875 0.73671875 0.05703125 0.121875