1 0.73984375 0.59765625 0.084375 0.19609375
5 0.8546875 0.7390625 0.06875 0.1390625
11 0.6546875 0.72109375 0.065625 0.13828125
8 0.5296875 0.12890625 0.05 0.13828125
4 0.6171875 0.28984375 0.06953125 0.1765625
3 0.696875 0.22578125 0.0453125 0.10234375
3 0.71796875 0.4046875 0.0546875 0.1046875
3 0.640625 0.503125 0.0515625 0.1078125
3 0.53671875 0.29765625 0.0484375 0.1078125
2 0.459375 0.38984375 0.0625 0.13515625
9 0.45546875 0.29453125 0.0484375 0.10078125
10 0.38046875 0.284375 0.06953125 0.17109375
7 0.28515625 0.35546875 0.071875 0.19453125
9 0.30703125 0.20390625 0.05078125 0.10390625
9 0.275 0.60234375 0.0578125 0.1125