6 0.44375 0.6015625 0.059375 0.13984375
8 0.36640625 0.18984375 0.053125 0.1328125
10 0.3625 0.2890625 0.05625 0.17578125
7 0.17265625 0.36484375 0.08203125 0.20078125
11 0.25390625 0.74296875 0.06875 0.1359375
8 0.1671875 0.603125 0.07265625 0.1453125
9 0.43984375 0.3015625 0.04765625 0.09921875
9 0.44609375 0.7359375 0.06171875 0.11328125
9 0.26328125 0.61328125 0.05859375 0.1109375
9 0.2875 0.21796875 0.04765625 0.11171875
9 0.284375 0.05625 0.05 0.10625
2 0.44140625 0.39140625 0.06953125 0.14140625
5 0.834375 0.73515625 0.0796875 0.1484375
1 0.79140625 0.3640625 0.07890625 0.2046875
4 0.59921875 0.29375 0.059375 0.17265625
3 0.665625 0.14453125 0.0453125 0.10390625
3 0.67578125 0.2265625 0.04765625 0.10703125
3 0.69609375 0.4015625 0.04765625 0.1109375
3 0.62578125 0.50703125 0.0515625 0.1140625
3 0.51875 0.06796875 0.05078125 0.11015625
3 0.51875 0.3015625 0.05 0.1140625