1 0.7203125 0.63671875 0.08984375 0.20390625
5 0.64453125 0.76953125 0.07265625 0.13828125
5 0.846875 0.77890625 0.0765625 0.140625
4 0.59296875 0.32421875 0.06171875 0.17578125
3 0.67734375 0.25390625 0.04921875 0.1140625
3 0.6234375 0.54921875 0.05625 0.11953125
3 0.509375 0.3375 0.04765625 0.10703125
2 0.2671875 0.54140625 0.071875 0.14375
7 0.26015625 0.4109375 0.071875 0.2
9 0.25546875 0.66953125 0.0578125 0.1109375
11 0.175 0.25 0.0640625 0.1171875
9 0.26953125 0.0875 0.05 0.103125
9 0.35390625 0.17890625 0.05078125 0.10703125
9 0.43046875 0.34296875 0.05 0.11015625