2 0.44375 0.3953125 0.06328125 0.13515625
3 0.51953125 0.065625 0.04609375 0.1046875
5 0.840625 0.73515625 0.08359375 0.140625
1 0.8046875 0.48671875 0.0875 0.20078125
4 0.59921875 0.2921875 0.06328125 0.18125
3 0.696875 0.40546875 0.05 0.10546875
3 0.6765625 0.23046875 0.04453125 0.103125
3 0.51640625 0.3046875 0.04921875 0.10234375
3 0.6234375 0.50546875 0.0515625 0.1078125
11 0.640625 0.7171875 0.0734375 0.1421875
10 0.3625 0.29375 0.059375 0.17421875
7 0.2703125 0.37265625 0.071875 0.1953125
6 0.440625 0.60078125 0.06171875 0.14375
8 0.50859375 0.1359375 0.053125 0.1328125
8 0.3578125 0.4953125 0.0640625 0.14140625
9 0.4359375 0.3 0.0484375 0.103125
9 0.28359375 0.05703125 0.0484375 0.103125
9 0.2875 0.2171875 0.04609375 0.10859375
9 0.2625 0.61171875 0.0578125 0.11640625