1 0.76796875 0.29765625 0.08125 0.20859375
0 0.6 0.15859375 0.0578125 0.140625
5 0.5703125 0.0796875 0.05390625 0.12734375
5 0.503125 0.1640625 0.05859375 0.1265625
3 0.68515625 0.34140625 0.04765625 0.11171875
3 0.74140625 0.78359375 0.06328125 0.11953125
3 0.6078125 0.5359375 0.0546875 0.12265625
3 0.5421875 0.66171875 0.06171875 0.1265625
3 0.4171875 0.1765625 0.04765625 0.10390625
2 0.440625 0.24921875 0.065625 0.13671875
2 0.246875 0.6390625 0.08046875 0.15
7 0.1640625 0.40703125 0.0796875 0.2046875
6 0.18515625 0.1515625 0.071875 0.14296875
6 0.35625 0.42421875 0.0671875 0.14921875
10 0.34453125 0.14765625 0.07109375 0.18046875
8 0.23515625 0.78828125 0.07734375 0.1640625
9 0.275 0.1625 0.053125 0.1140625
9 0.25859375 0.33671875 0.0578125 0.103125
9 0.259375 0.43515625 0.06640625 0.11484375
11 0.19765625 0.096875 0.06484375 0.134375
9 0.35546875 0.56796875 0.0625 0.12578125