8 0.453125 0.646875 0.06796875 0.16015625
7 0.16484375 0.30390625 0.07734375 0.2046875
10 0.3453125 0.14609375 0.06171875 0.178125
6 0.43828125 0.43203125 0.0671875 0.14296875
11 0.42421875 0.1578125 0.06015625 0.125
9 0.440625 0.3265625 0.05390625 0.1046875
9 0.2734375 0.1703125 0.0640625 0.1140625
9 0.259375 0.3390625 0.053125 0.1109375
9 0.35390625 0.5625 0.05390625 0.125
5 0.2703125 0.0734375 0.06171875 0.1296875
2 0.246875 0.6453125 0.07734375 0.1609375
0 0.50859375 0.234375 0.05 0.1453125
1 0.76953125 0.29921875 0.0828125 0.2
3 0.68515625 0.340625 0.04921875 0.11328125
3 0.5421875 0.6625 0.05234375 0.12421875
3 0.60859375 0.53828125 0.05234375 0.11796875