6 0.4421875 0.43203125 0.0703125 0.140625
11 0.43515625 0.340625 0.0578125 0.13125
8 0.4515625 0.6484375 0.07109375 0.1578125
7 0.1671875 0.3046875 0.08203125 0.21171875
10 0.3453125 0.1453125 0.06875 0.1765625
9 0.275 0.16640625 0.05546875 0.11015625
9 0.259375 0.33828125 0.0578125 0.10703125
9 0.35625 0.56484375 0.0515625 0.1171875
5 0.2734375 0.06953125 0.04765625 0.13046875
2 0.34921875 0.42109375 0.06171875 0.15390625
1 0.771875 0.29765625 0.0875 0.20078125
3 0.428125 0.53984375 0.0546875 0.10859375
3 0.5890625 0.3421875 0.05390625 0.1140625
3 0.5421875 0.6625 0.05859375 0.11953125