8 0.23515625 0.7890625 0.078125 0.146875
8 0.35 0.321875 0.0609375 0.13828125
11 0.1953125 0.08984375 0.06171875 0.12421875
7 0.15859375 0.409375 0.084375 0.2078125
6 0.18671875 0.14921875 0.06171875 0.1453125
6 0.35390625 0.4234375 0.06484375 0.140625
10 0.34296875 0.1484375 0.0671875 0.171875
9 0.41171875 0.08515625 0.0546875 0.103125
9 0.41328125 0.24609375 0.05390625 0.1125
9 0.27109375 0.1671875 0.05 0.11796875
9 0.2578125 0.34140625 0.0515625 0.1125
9 0.259375 0.434375 0.0609375 0.109375
9 0.24921875 0.66640625 0.059375 0.1125
0 0.5953125 0.15859375 0.05390625 0.14765625
0 0.36015625 0.5359375 0.0640625 0.14921875
2 0.6359375 0.65625 0.06953125 0.15390625
2 0.596875 0.334375 0.0609375 0.15078125
4 0.521875 0.42734375 0.0671875 0.18671875
1 0.76875 0.2953125 0.07890625 0.20078125
5 0.7890625 0.4328125 0.0671875 0.1359375
5 0.5734375 0.0828125 0.05703125 0.1265625
3 0.4890625 0.171875 0.0453125 0.1015625
3 0.5140625 0.26328125 0.05 0.10390625
3 0.74296875 0.78359375 0.06328125 0.115625
3 0.68359375 0.3421875 0.05 0.10546875
3 0.6078125 0.5375 0.053125 0.11171875
3 0.54375 0.66640625 0.0578125 0.11875