10 0.34609375 0.153125 0.065625 0.178125
6 0.35703125 0.428125 0.06015625 0.146875
11 0.19765625 0.08984375 0.05390625 0.12578125
6 0.184375 0.14921875 0.0578125 0.140625
7 0.1671875 0.303125 0.0765625 0.21015625
9 0.2734375 0.1640625 0.05546875 0.1140625
9 0.26015625 0.3375 0.053125 0.10859375
9 0.259375 0.43515625 0.059375 0.11015625
9 0.353125 0.56171875 0.059375 0.1171875
1 0.76796875 0.3 0.08125 0.20234375
8 0.23984375 0.78828125 0.084375 0.15625
2 0.24375 0.64375 0.07734375 0.15234375
2 0.440625 0.2484375 0.0671875 0.12734375
0 0.5984375 0.15625 0.053125 0.14296875
5 0.56953125 0.08203125 0.0515625 0.12578125
5 0.5125 0.3421875 0.0609375 0.128125
3 0.74296875 0.784375 0.06328125 0.1140625
3 0.41953125 0.1765625 0.04765625 0.10859375
3 0.684375 0.340625 0.05390625 0.10859375
3 0.6078125 0.53828125 0.05078125 0.11953125
3 0.540625 0.66328125 0.05390625 0.11796875