10 0.3453125 0.146875 0.07109375 0.18359375
7 0.16328125 0.4078125 0.08515625 0.21953125
11 0.19765625 0.08515625 0.06171875 0.13125
6 0.1859375 0.146875 0.06328125 0.1515625
6 0.353125 0.42734375 0.071875 0.1515625
8 0.234375 0.78671875 0.0875 0.17734375
9 0.4140625 0.08671875 0.0484375 0.11328125
9 0.2734375 0.16328125 0.0578125 0.1203125
9 0.26015625 0.34140625 0.05625 0.12109375
9 0.259375 0.4359375 0.065625 0.12265625
9 0.35859375 0.5625 0.05546875 0.12421875
1 0.7703125 0.2984375 0.08125 0.19921875
0 0.59609375 0.15703125 0.05 0.146875
2 0.4390625 0.7734375 0.075 0.16875
2 0.4375 0.24609375 0.07265625 0.13359375
5 0.56875 0.08046875 0.059375 0.12578125
5 0.52265625 0.4359375 0.0640625 0.1359375
3 0.74296875 0.78125 0.0609375 0.121875
3 0.41640625 0.1796875 0.053125 0.1046875
3 0.49140625 0.17265625 0.0515625 0.10390625
3 0.684375 0.34140625 0.0484375 0.11015625
3 0.6078125 0.5390625 0.05546875 0.121875
3 0.54140625 0.66328125 0.0609375 0.1171875