6 0.18203125 0.14921875 0.0734375 0.140625
10 0.3453125 0.14296875 0.0671875 0.1796875
6 0.35234375 0.42734375 0.071875 0.13828125
8 0.234375 0.78515625 0.0828125 0.15546875
8 0.35 0.325 0.06328125 0.14296875
11 0.1953125 0.0875 0.059375 0.12890625
7 0.16171875 0.4109375 0.08515625 0.21328125
9 0.4171875 0.2484375 0.046875 0.1140625
9 0.4125 0.084375 0.04609375 0.11328125
9 0.275 0.16640625 0.05078125 0.103125
9 0.2609375 0.33671875 0.05234375 0.11171875
9 0.259375 0.4359375 0.05625 0.1109375
9 0.24765625 0.66640625 0.06171875 0.1140625
0 0.359375 0.53828125 0.06484375 0.146875
0 0.596875 0.15546875 0.0515625 0.1515625
2 0.440625 0.78203125 0.07109375 0.15
2 0.59375 0.33515625 0.06171875 0.1453125
1 0.7703125 0.296875 0.0828125 0.196875
5 0.7890625 0.4375 0.0640625 0.125
5 0.571875 0.0828125 0.04921875 0.12734375
4 0.43828125 0.31015625 0.059375 0.18203125
3 0.4921875 0.175 0.0484375 0.10703125
3 0.5140625 0.26328125 0.04609375 0.1046875
3 0.7421875 0.78515625 0.059375 0.115625
3 0.6828125 0.33203125 0.053125 0.11796875
3 0.60625 0.53828125 0.05390625 0.1140625
3 0.5421875 0.6625 0.05625 0.11953125