1 0.7703125 0.29765625 0.0796875 0.20859375
0 0.5078125 0.225 0.06171875 0.15625
5 0.51171875 0.34453125 0.0671875 0.125
5 0.571875 0.0796875 0.06328125 0.1328125
3 0.68515625 0.3390625 0.04765625 0.11640625
3 0.60390625 0.53984375 0.05390625 0.11640625
3 0.5421875 0.66015625 0.06171875 0.12265625
3 0.41875 0.18046875 0.05 0.11171875
2 0.3484375 0.4328125 0.0578125 0.1484375
2 0.24296875 0.63671875 0.0734375 0.15390625
8 0.2328125 0.78984375 0.0765625 0.16015625
7 0.16640625 0.3046875 0.0796875 0.2046875
6 0.43828125 0.4328125 0.06875 0.1578125
10 0.34296875 0.15078125 0.065625 0.17890625
11 0.19765625 0.0890625 0.06875 0.13046875
9 0.27265625 0.1640625 0.0546875 0.10703125
9 0.25859375 0.33671875 0.05390625 0.11015625
9 0.25859375 0.43828125 0.06171875 0.1140625
9 0.35546875 0.55859375 0.06328125 0.12421875