0 0.70859375 0.60703125 0.059375 0.146875
5 0.58671875 0.065625 0.05546875 0.11171875
5 0.8375 0.728125 0.065625 0.13359375
1 0.78984375 0.36484375 0.07890625 0.196875
4 0.59765625 0.28828125 0.0578125 0.1640625
0 0.52734375 0.4953125 0.05234375 0.1359375
3 0.675 0.228125 0.04609375 0.096875
3 0.665625 0.1453125 0.03984375 0.09375
3 0.696875 0.40234375 0.046875 0.10703125
3 0.7078125 0.5046875 0.05 0.10078125
3 0.64375 0.74375 0.0515625 0.1140625
3 0.615625 0.61328125 0.05078125 0.10234375
3 0.51484375 0.29921875 0.0453125 0.09765625
3 0.51953125 0.06875 0.04140625 0.103125
2 0.58828125 0.1296875 0.05390625 0.12890625
2 0.4390625 0.3953125 0.0640625 0.1328125
10 0.1875 0.2765625 0.06875 0.175
7 0.171875 0.3625 0.07265625 0.19375
11 0.25234375 0.7359375 0.06328125 0.1375
6 0.15703125 0.48515625 0.0625 0.1359375
8 0.3640625 0.19765625 0.0546875 0.1375
8 0.16640625 0.603125 0.06796875 0.14296875
9 0.4359375 0.30078125 0.0421875 0.10234375
9 0.42890625 0.13828125 0.04765625 0.10390625
9 0.28359375 0.05625 0.04609375 0.10234375
9 0.28203125 0.221875 0.04765625 0.09921875
9 0.2734375 0.40546875 0.05546875 0.09609375
9 0.2640625 0.509375 0.04609375 0.10390625
9 0.2640625 0.6140625 0.05390625 0.1109375
9 0.4484375 0.73515625 0.0546875 0.1140625