1 0.65703125 0.7453125 0.08671875 0.1921875
5 0.8453125 0.778125 0.07265625 0.14140625
4 0.5921875 0.328125 0.0640625 0.1765625
3 0.678125 0.25546875 0.0484375 0.1046875
3 0.621875 0.54609375 0.05546875 0.1140625
3 0.5109375 0.33671875 0.0515625 0.10703125
11 0.43828125 0.25234375 0.05625 0.12265625
7 0.34921875 0.41171875 0.071875 0.19140625
9 0.4296875 0.34140625 0.0484375 0.10625
9 0.35390625 0.17890625 0.0484375 0.10546875
9 0.27109375 0.08671875 0.0515625 0.10703125
9 0.25703125 0.67109375 0.059375 0.11796875