4 0.5203125 0.4203125 0.06953125 0.175
1 0.7703125 0.29765625 0.0796875 0.209375
5 0.78828125 0.43671875 0.07109375 0.134375
3 0.7421875 0.784375 0.06484375 0.11875
3 0.6828125 0.34296875 0.05078125 0.109375
3 0.51328125 0.2609375 0.04765625 0.1171875
3 0.54140625 0.66484375 0.059375 0.1234375
3 0.60546875 0.5375 0.0578125 0.11484375
3 0.48984375 0.16875 0.05078125 0.11171875
5 0.5703125 0.084375 0.05546875 0.1234375
0 0.5984375 0.1578125 0.053125 0.14765625
0 0.3515625 0.5375 0.07890625 0.14609375
8 0.3515625 0.3203125 0.0609375 0.13359375
8 0.2390625 0.78984375 0.0828125 0.1515625
11 0.1984375 0.0875 0.06171875 0.128125
10 0.34453125 0.15 0.06875 0.17265625
7 0.1625 0.40625 0.090625 0.21171875
6 0.1859375 0.15078125 0.06171875 0.1453125
6 0.3578125 0.42890625 0.065625 0.1453125
9 0.41328125 0.08671875 0.04921875 0.103125
9 0.415625 0.24375 0.05390625 0.11171875
9 0.271875 0.16484375 0.05234375 0.11015625
9 0.26015625 0.33515625 0.0546875 0.11640625
9 0.26015625 0.43671875 0.0609375 0.11171875
9 0.246875 0.66171875 0.0640625 0.11953125