4 0.60234375 0.28984375 0.0765625 0.17890625
2 0.4453125 0.396875 0.071875 0.14140625
6 0.440625 0.5984375 0.06953125 0.15078125
10 0.3625 0.28984375 0.0671875 0.17578125
8 0.16640625 0.59375 0.075 0.16328125
7 0.2671875 0.3671875 0.07890625 0.196875
11 0.25546875 0.74140625 0.0828125 0.13984375
9 0.26015625 0.61171875 0.06328125 0.1078125
9 0.28671875 0.215625 0.05703125 0.10546875
9 0.28515625 0.0578125 0.05703125 0.103125
9 0.4390625 0.303125 0.04609375 0.1015625
9 0.44921875 0.73515625 0.0640625 0.1171875
3 0.51953125 0.065625 0.05390625 0.10234375
3 0.67890625 0.23046875 0.0546875 0.10859375
3 0.6625 0.14296875 0.0515625 0.10234375
3 0.51796875 0.30078125 0.05546875 0.10546875
3 0.62265625 0.5046875 0.059375 0.1171875
3 0.6984375 0.4046875 0.053125 0.1140625
1 0.790625 0.36640625 0.08125 0.20546875
5 0.8390625 0.73359375 0.0828125 0.14375