5 0.85390625 0.74140625 0.07734375 0.1375
11 0.65546875 0.72109375 0.065625 0.1390625
1 0.740625 0.59609375 0.08515625 0.1953125
4 0.61875 0.290625 0.0640625 0.1734375
3 0.71484375 0.4046875 0.05546875 0.1125
3 0.696875 0.2296875 0.0484375 0.109375
3 0.64140625 0.503125 0.04765625 0.109375
2 0.4578125 0.3859375 0.0640625 0.1359375
3 0.5359375 0.29453125 0.04375 0.10078125
8 0.53046875 0.12890625 0.0546875 0.13515625
8 0.4625 0.7234375 0.0671875 0.1515625
6 0.4546875 0.59375 0.0546875 0.14140625
10 0.38125 0.28203125 0.05859375 0.1765625
7 0.2875 0.35625 0.0671875 0.20234375
9 0.45703125 0.2953125 0.04765625 0.1015625
9 0.30703125 0.2046875 0.04921875 0.10546875
9 0.2765625 0.60078125 0.0609375 0.1109375