1 0.77109375 0.296875 0.08046875 0.2109375
6 0.440625 0.43125 0.0640625 0.14140625
11 0.43515625 0.33359375 0.06484375 0.1359375
10 0.34609375 0.14609375 0.06484375 0.1828125
9 0.35546875 0.56015625 0.0671875 0.1140625
9 0.27578125 0.16875 0.053125 0.11328125
9 0.25859375 0.33828125 0.0609375 0.1140625
7 0.1671875 0.30390625 0.0828125 0.203125
5 0.27265625 0.06796875 0.06640625 0.12734375
3 0.3453125 0.43828125 0.059375 0.11796875
3 0.59140625 0.34609375 0.0578125 0.11171875
3 0.54375 0.66484375 0.0578125 0.128125