10 0.18828125 0.27578125 0.06640625 0.16953125
7 0.1703125 0.36328125 0.06953125 0.190625
8 0.365625 0.196875 0.0578125 0.13671875
8 0.16484375 0.5984375 0.06640625 0.1421875
11 0.25390625 0.73828125 0.06171875 0.1328125
6 0.1578125 0.4859375 0.0609375 0.13828125
9 0.43671875 0.29765625 0.03984375 0.09296875
9 0.4296875 0.14140625 0.0375 0.09453125
9 0.2859375 0.059375 0.04140625 0.0953125
9 0.28125 0.22265625 0.04296875 0.09765625
9 0.275 0.41015625 0.05234375 0.096875
9 0.26484375 0.5109375 0.04609375 0.103125
9 0.2640625 0.61328125 0.0484375 0.10859375
9 0.446875 0.7328125 0.053125 0.10703125
2 0.58984375 0.13046875 0.04375 0.13203125
2 0.44140625 0.39296875 0.059375 0.13828125
4 0.7875 0.28828125 0.06328125 0.146875
1 0.790625 0.36640625 0.0734375 0.18359375
5 0.5875 0.0625 0.0453125 0.1140625
5 0.84140625 0.73515625 0.07109375 0.1296875
0 0.7515625 0.21015625 0.0421875 0.1328125
0 0.709375 0.61328125 0.0578125 0.13828125
3 0.70703125 0.509375 0.053125 0.0953125
3 0.69609375 0.40390625 0.05 0.10390625
3 0.61796875 0.6171875 0.0515625 0.10234375
3 0.6421875 0.74140625 0.0515625 0.1046875
3 0.6734375 0.22890625 0.0453125 0.09453125
3 0.66328125 0.14765625 0.0390625 0.0984375
3 0.51953125 0.06640625 0.03828125 0.0953125
3 0.51640625 0.30078125 0.040625 0.10234375