8 0.45078125 0.646875 0.071875 0.16015625
0 0.43828125 0.42890625 0.06328125 0.1484375
10 0.346875 0.1453125 0.065625 0.18671875
7 0.16171875 0.3046875 0.07734375 0.2015625
11 0.196875 0.08984375 0.06171875 0.13125
9 0.271875 0.16640625 0.06015625 0.11328125
9 0.25859375 0.340625 0.06171875 0.1140625
9 0.34765625 0.3265625 0.04921875 0.11171875
9 0.35625 0.56484375 0.0609375 0.1171875
2 0.24296875 0.6390625 0.07109375 0.16953125
5 0.571875 0.08125 0.0546875 0.128125
0 0.5078125 0.2359375 0.059375 0.146875
3 0.4171875 0.17890625 0.05234375 0.1140625
3 0.68515625 0.3421875 0.05 0.121875
3 0.5421875 0.665625 0.05234375 0.128125
3 0.6078125 0.53984375 0.0578125 0.11484375
1 0.7703125 0.3015625 0.084375 0.20078125