1 0.76875 0.3 0.07890625 0.20234375
0 0.59765625 0.15625 0.053125 0.15078125
0 0.36015625 0.53984375 0.06640625 0.1484375
2 0.59609375 0.33671875 0.0578125 0.1484375
2 0.44296875 0.78046875 0.08046875 0.16171875
5 0.571875 0.084375 0.05390625 0.1265625
5 0.52109375 0.43671875 0.065625 0.13828125
3 0.740625 0.7828125 0.06875 0.12890625
3 0.6828125 0.34140625 0.05390625 0.11015625
3 0.48984375 0.175 0.04609375 0.1078125
3 0.41953125 0.18125 0.05546875 0.109375
3 0.61015625 0.53984375 0.05546875 0.115625
3 0.54375 0.66484375 0.06328125 0.12421875
7 0.1609375 0.4078125 0.08203125 0.20859375
8 0.23515625 0.7875 0.07578125 0.16015625
10 0.34453125 0.14765625 0.06171875 0.178125
11 0.2 0.0859375 0.059375 0.125
6 0.35546875 0.4234375 0.06328125 0.146875
6 0.18671875 0.15078125 0.05703125 0.146875
9 0.4109375 0.08515625 0.053125 0.10390625
9 0.27265625 0.16953125 0.05078125 0.10703125
9 0.25703125 0.33671875 0.0515625 0.10859375
9 0.259375 0.43828125 0.059375 0.11171875
9 0.24921875 0.665625 0.06640625 0.11953125