4 0.78203125 0.29453125 0.065625 0.1578125
1 0.79140625 0.36640625 0.0734375 0.18046875
0 0.7515625 0.21015625 0.04375 0.12578125
0 0.80546875 0.49375 0.06328125 0.13203125
2 0.74296875 0.1328125 0.05390625 0.12265625
2 0.8265625 0.6109375 0.07421875 0.12578125
5 0.7421875 0.06640625 0.0484375 0.109375
5 0.840625 0.73515625 0.0703125 0.12734375
3 0.66015625 0.06328125 0.0390625 0.09609375
3 0.66484375 0.1453125 0.040625 0.09375
3 0.6765625 0.2265625 0.0390625 0.09296875
3 0.6859375 0.309375 0.0421875 0.09765625
3 0.69765625 0.40078125 0.0453125 0.09765625
3 0.7109375 0.50703125 0.046875 0.0984375
3 0.7234375 0.61484375 0.053125 0.103125
3 0.7375 0.73203125 0.05078125 0.1125
10 0.18828125 0.2796875 0.0609375 0.16640625
7 0.1734375 0.3640625 0.065625 0.190625
6 0.19375 0.2015625 0.04765625 0.1328125
6 0.1609375 0.4859375 0.05546875 0.13125
8 0.21015625 0.1265625 0.05546875 0.12578125
8 0.1671875 0.60234375 0.065625 0.1390625
11 0.14296875 0.74453125 0.0671875 0.13359375
9 0.28671875 0.05859375 0.04140625 0.09375
9 0.284375 0.1390625 0.040625 0.08984375
9 0.28203125 0.22421875 0.0390625 0.0953125
9 0.2765625 0.30703125 0.04375 0.09609375
9 0.27890625 0.40703125 0.04453125 0.09765625
9 0.26640625 0.51171875 0.046875 0.1015625
9 0.26484375 0.615625 0.04921875 0.103125
9 0.25390625 0.7375 0.05625 0.10546875