10 0.34453125 0.1453125 0.0671875 0.1796875
7 0.165625 0.30546875 0.07734375 0.2046875
8 0.4515625 0.646875 0.065625 0.1640625
5 0.26953125 0.071875 0.06171875 0.121875
11 0.42578125 0.1609375 0.0578125 0.13359375
6 0.440625 0.43203125 0.05859375 0.153125
9 0.275 0.16875 0.04765625 0.1109375
9 0.26015625 0.3390625 0.05625 0.1140625
9 0.35078125 0.3296875 0.05390625 0.11796875
9 0.35703125 0.5609375 0.0578125 0.1203125
2 0.2421875 0.6453125 0.07109375 0.16171875
0 0.50703125 0.234375 0.0546875 0.14765625
1 0.771875 0.3 0.08515625 0.20859375
3 0.68515625 0.34453125 0.053125 0.10703125
3 0.6078125 0.5359375 0.0515625 0.12265625
3 0.54140625 0.6640625 0.06015625 0.11875