7 0.26171875 0.4140625 0.075 0.2015625
1 0.72265625 0.63984375 0.08671875 0.20078125
4 0.59296875 0.328125 0.0671875 0.17734375
5 0.846875 0.78203125 0.07890625 0.1453125
11 0.64609375 0.7765625 0.07109375 0.14375
2 0.4359375 0.43671875 0.0671875 0.13828125
11 0.175 0.25234375 0.0671875 0.1328125
9 0.25625 0.66640625 0.059375 0.1171875
3 0.6234375 0.54375 0.04765625 0.11328125
9 0.3546875 0.18203125 0.0484375 0.1109375
9 0.43046875 0.34140625 0.04765625 0.1078125
3 0.51015625 0.33828125 0.05078125 0.10625
9 0.26953125 0.09140625 0.0484375 0.1046875
3 0.67578125 0.2546875 0.0484375 0.1015625