1 0.77109375 0.3046875 0.08828125 0.19765625
2 0.6453125 0.76796875 0.0765625 0.15546875
5 0.6609375 0.17109375 0.06328125 0.13203125
3 0.69921875 0.53984375 0.0546875 0.11953125
3 0.51875 0.3484375 0.05078125 0.1109375
0 0.5359375 0.540625 0.065625 0.14921875
0 0.353125 0.153125 0.059375 0.14140625
7 0.17578125 0.3953125 0.0828125 0.2109375
8 0.1953125 0.14921875 0.0703125 0.1578125
6 0.5015625 0.075 0.0609375 0.14375
6 0.3546875 0.32578125 0.06640625 0.1515625
9 0.340625 0.55078125 0.05546875 0.11953125