1 0.76953125 0.29375 0.08125 0.20234375
5 0.56953125 0.0796875 0.059375 0.1296875
0 0.50703125 0.23046875 0.05546875 0.14921875
3 0.41953125 0.1765625 0.04765625 0.115625
3 0.68203125 0.34140625 0.0515625 0.11328125
3 0.60703125 0.540625 0.0578125 0.1171875
3 0.53984375 0.6640625 0.059375 0.12265625
2 0.43359375 0.653125 0.06640625 0.153125
2 0.2390625 0.63828125 0.0734375 0.15546875
10 0.3453125 0.146875 0.059375 0.175
11 0.19609375 0.09140625 0.06640625 0.1328125
7 0.16796875 0.30546875 0.0734375 0.20234375
8 0.234375 0.7875 0.07734375 0.16015625
6 0.43984375 0.43125 0.059375 0.146875
9 0.34609375 0.32890625 0.0546875 0.11953125
9 0.271875 0.1671875 0.04921875 0.11328125
9 0.259375 0.33671875 0.04765625 0.1140625
9 0.3546875 0.56015625 0.05625 0.1203125