2 0.7125 0.61328125 0.0734375 0.14296875
5 0.8390625 0.73046875 0.0765625 0.1375
1 0.78828125 0.3671875 0.0765625 0.20078125
4 0.59765625 0.29375 0.06328125 0.18125
5 0.5875 0.0625 0.05078125 0.11640625
8 0.5890625 0.13046875 0.05390625 0.13125
8 0.440625 0.39296875 0.06171875 0.1359375
3 0.51953125 0.06640625 0.04609375 0.103125
3 0.67734375 0.228125 0.0484375 0.1
3 0.6625 0.14453125 0.046875 0.09765625
3 0.6984375 0.4015625 0.05078125 0.1078125
3 0.70625 0.50390625 0.0546875 0.10859375
3 0.640625 0.73671875 0.06484375 0.11171875
3 0.51796875 0.29765625 0.04765625 0.10703125
7 0.17265625 0.3640625 0.07578125 0.196875
11 0.253125 0.740625 0.06953125 0.1390625
6 0.15703125 0.484375 0.0671875 0.13984375
10 0.18671875 0.27578125 0.0671875 0.17109375
8 0.3640625 0.1953125 0.059375 0.13671875
8 0.16328125 0.60078125 0.07109375 0.14609375
9 0.43671875 0.3 0.0453125 0.10234375
9 0.284375 0.05703125 0.04765625 0.09765625
9 0.28125 0.2234375 0.05 0.10625
9 0.27265625 0.41171875 0.0515625 0.103125
9 0.2640625 0.51171875 0.0546875 0.10234375
9 0.26171875 0.61328125 0.05625 0.10703125
9 0.44765625 0.73203125 0.05625 0.11484375