5 0.8390625 0.7328125 0.078125 0.13984375
1 0.809375 0.48671875 0.0796875 0.203125
3 0.521875 0.06640625 0.0453125 0.10625
2 0.440625 0.39453125 0.0671875 0.13828125
7 0.2671875 0.371875 0.07578125 0.203125
10 0.36015625 0.290625 0.06640625 0.1875
4 0.59765625 0.29140625 0.0671875 0.1765625
3 0.66328125 0.14296875 0.0484375 0.10859375
3 0.6734375 0.22265625 0.05 0.1078125
3 0.69765625 0.4046875 0.0515625 0.10546875
3 0.6234375 0.50625 0.06015625 0.1171875
3 0.515625 0.296875 0.053125 0.115625
8 0.50625 0.1328125 0.06484375 0.1484375
8 0.16328125 0.60078125 0.075 0.1515625
11 0.25625 0.74453125 0.084375 0.14609375
6 0.43828125 0.5984375 0.06640625 0.14765625
9 0.4359375 0.3 0.05390625 0.10078125
9 0.28359375 0.0546875 0.05078125 0.096875
9 0.28359375 0.21484375 0.0515625 0.11484375
9 0.2609375 0.6140625 0.0625 0.11640625
9 0.44921875 0.73671875 0.059375 0.1140625