5 0.85078125 0.74296875 0.0703125 0.1359375
1 0.73671875 0.59453125 0.08671875 0.2125
4 0.615625 0.2890625 0.06875 0.17109375
3 0.696875 0.22421875 0.04609375 0.10625
3 0.64140625 0.503125 0.05 0.1140625
3 0.53359375 0.296875 0.05 0.1078125
2 0.4578125 0.3890625 0.0734375 0.14140625
10 0.37890625 0.284375 0.065625 0.18359375
7 0.2875 0.35390625 0.07109375 0.20546875
9 0.453125 0.2953125 0.05546875 0.109375
9 0.38515625 0.1359375 0.0515625 0.10625
9 0.275 0.60078125 0.06328125 0.125
11 0.20859375 0.1984375 0.06328125 0.128125
11 0.65703125 0.7234375 0.0734375 0.15390625