1 0.76875 0.29765625 0.0796875 0.2015625
0 0.5953125 0.1578125 0.05546875 0.14296875
5 0.5734375 0.08515625 0.0578125 0.1171875
5 0.51640625 0.24375 0.06328125 0.121875
2 0.4390625 0.2484375 0.05703125 0.13203125
3 0.4203125 0.18046875 0.0515625 0.1046875
3 0.6859375 0.340625 0.05 0.10703125
3 0.60625 0.540625 0.0515625 0.115625
3 0.740625 0.7828125 0.0609375 0.1171875
3 0.540625 0.66484375 0.0609375 0.12421875
2 0.44296875 0.77890625 0.07265625 0.165625
7 0.16015625 0.4078125 0.084375 0.20546875
11 0.19609375 0.0828125 0.0640625 0.1328125
8 0.23671875 0.78828125 0.08125 0.16171875
10 0.3421875 0.1484375 0.0671875 0.18125
6 0.184375 0.15 0.0578125 0.140625
6 0.35546875 0.4265625 0.06015625 0.1453125
9 0.50390625 0.15859375 0.053125 0.109375
9 0.27265625 0.16640625 0.05625 0.1140625
9 0.25703125 0.3359375 0.0515625 0.10859375
9 0.25546875 0.4359375 0.0609375 0.1125
9 0.35625 0.56015625 0.06171875 0.11953125