1 0.76953125 0.2984375 0.08125 0.20078125
3 0.74296875 0.78515625 0.0625 0.11640625
5 0.80390625 0.5296875 0.071875 0.134375
5 0.5703125 0.08125 0.04609375 0.13046875
2 0.59609375 0.33359375 0.0578125 0.146875
2 0.63515625 0.65546875 0.0640625 0.153125
4 0.51796875 0.425 0.0640625 0.178125
3 0.5140625 0.26171875 0.04921875 0.1171875
3 0.54296875 0.66484375 0.059375 0.1234375
3 0.60703125 0.540625 0.05390625 0.1109375
3 0.6828125 0.3421875 0.0515625 0.1078125
3 0.49140625 0.17265625 0.0453125 0.10234375
0 0.59765625 0.15625 0.05390625 0.14140625
0 0.35625 0.5390625 0.065625 0.140625
8 0.2359375 0.7890625 0.08125 0.1578125
7 0.16171875 0.409375 0.08125 0.21171875
11 0.19765625 0.0875 0.06484375 0.1296875
10 0.3453125 0.14609375 0.0578125 0.1765625
8 0.35078125 0.321875 0.06171875 0.134375
6 0.35546875 0.42890625 0.06328125 0.13671875
6 0.184375 0.15234375 0.06171875 0.1453125
9 0.4140625 0.08671875 0.04765625 0.10703125
9 0.415625 0.246875 0.0484375 0.1140625
9 0.2734375 0.16875 0.04609375 0.1046875
9 0.25859375 0.33671875 0.05390625 0.10703125
9 0.25859375 0.43828125 0.05546875 0.1078125
9 0.24765625 0.66640625 0.059375 0.115625