9 0.4859375 0.58828125 0.06484375 0.1140625
9 0.27421875 0.71953125 0.07890625 0.12265625
9 0.56953125 0.41015625 0.05859375 0.10703125
9 0.4734375 0.17578125 0.0484375 0.10234375
9 0.3515625 0.1046875 0.0484375 0.1
3 0.77265625 0.73125 0.075 0.11640625
3 0.73671875 0.50703125 0.06484375 0.11328125
3 0.72109375 0.340625 0.06015625 0.109375
3 0.70078125 0.19921875 0.05390625 0.10859375
8 0.3421875 0.28125 0.06640625 0.13984375
11 0.29140625 0.08828125 0.059375 0.121875
5 0.7625 0.11953125 0.06484375 0.121875
1 0.82578125 0.3015625 0.12109375 0.234375
4 0.41640625 0.2828125 0.090625 0.20625
10 0.28671875 0.4453125 0.1078125 0.18828125
7 0.16640625 0.55546875 0.1328125 0.2125