3 0.46875 0.2703125 0.046875 0.0890625
3 0.52890625 0.34609375 0.0484375 0.0953125
3 0.38046875 0.55 0.0515625 0.08203125
3 0.28828125 0.61796875 0.0578125 0.08359375
9 0.46328125 0.20078125 0.04296875 0.09375
9 0.68046875 0.3453125 0.0515625 0.08984375
9 0.690625 0.446875 0.05703125 0.0875
9 0.690625 0.5546875 0.05859375 0.08203125
11 0.6171875 0.64375 0.0734375 0.10546875
11 0.73203125 0.13359375 0.065625 0.1171875
10 0.78125 0.4359375 0.09453125 0.1640625
7 0.771875 0.33203125 0.1015625 0.1921875
0 0.28515625 0.52421875 0.08984375 0.13359375
0 0.37890625 0.34296875 0.07109375 0.12890625
5 0.240625 0.26171875 0.07109375 0.11484375
1 0.23515625 0.14375 0.0921875 0.1796875
2 0.38515625 0.26484375 0.0671875 0.11875
6 0.4515625 0.44453125 0.06640625 0.1203125