3 0.5375 0.11875 0.02734375 0.0796875
3 0.559375 0.1640625 0.028125 0.0734375
3 0.59296875 0.2171875 0.03203125 0.0765625
3 0.52578125 0.34609375 0.03203125 0.0703125
3 0.60234375 0.371875 0.0328125 0.06875
3 0.69296875 0.4046875 0.03984375 0.07265625
3 0.73203125 0.48125 0.04765625 0.071875
3 0.76953125 0.54765625 0.04765625 0.06875
5 0.8328125 0.50390625 0.065625 0.0875
2 0.790625 0.415625 0.0640625 0.0875
0 0.75625 0.35703125 0.06015625 0.103125
1 0.71953125 0.2703125 0.06875 0.14375
4 0.67890625 0.215625 0.06015625 0.1375
5 0.6390625 0.1828125 0.04140625 0.0890625
0 0.61328125 0.12265625 0.04140625 0.11171875
2 0.53984375 0.24921875 0.03671875 0.09140625
9 0.46484375 0.3734375 0.0375 0.0796875
9 0.26796875 0.2671875 0.04375 0.0734375
9 0.31796875 0.3765625 0.046875 0.0734375
9 0.29765625 0.3296875 0.04609375 0.07265625
9 0.4328125 0.48984375 0.04140625 0.07421875
9 0.396875 0.60078125 0.04609375 0.065625
9 0.4328125 0.68125 0.04140625 0.0671875
9 0.47421875 0.76015625 0.04453125 0.07265625
11 0.209375 0.28671875 0.06640625 0.0890625
11 0.39609375 0.840625 0.05546875 0.078125
8 0.23125 0.3578125 0.0609375 0.103125
8 0.4734375 0.54609375 0.05078125 0.09140625
6 0.3265625 0.6515625 0.065625 0.08828125
7 0.29765625 0.5546875 0.078125 0.12109375
10 0.26953125 0.4875 0.084375 0.125