9 0.47578125 0.38671875 0.0578125 0.11328125
9 0.58046875 0.19453125 0.0546875 0.1046875
9 0.70546875 0.1609375 0.0546875 0.1015625
9 0.71484375 0.2953125 0.0578125 0.1046875
9 0.5359375 0.584375 0.06015625 0.1171875
9 0.70625 0.74765625 0.07265625 0.115625
3 0.3828125 0.45625 0.065625 0.109375
3 0.23828125 0.5328125 0.0640625 0.10859375
3 0.21953125 0.6359375 0.0703125 0.1140625
3 0.41953125 0.30390625 0.0515625 0.109375
3 0.35390625 0.22421875 0.05 0.103125
3 0.4125 0.1171875 0.0453125 0.10078125
8 0.70546875 0.421875 0.065625 0.1390625
8 0.35859375 0.09296875 0.05390625 0.13203125
11 0.80078125 0.796875 0.09765625 0.153125
11 0.79453125 0.3640625 0.07421875 0.1359375
5 0.1234375 0.59453125 0.09296875 0.134375
1 0.3328125 0.24296875 0.08515625 0.209375
4 0.23984375 0.30859375 0.09765625 0.18125
10 0.80859375 0.425 0.096875 0.18671875
7 0.8015625 0.184375 0.08828125 0.22734375
0 0.30234375 0.33671875 0.075 0.1578125
6 0.38046875 0.140625 0.059375 0.1421875