9 0.3859375 0.2359375 0.0515625 0.09453125
9 0.5796875 0.36796875 0.05625 0.1078125
9 0.61484375 0.53515625 0.053125 0.1046875
9 0.23125 0.24375 0.06171875 0.09921875
9 0.53125 0.7609375 0.05859375 0.11875
3 0.64375 0.24375 0.04765625 0.1109375
3 0.5625 0.15234375 0.04453125 0.096875
3 0.728125 0.346875 0.0515625 0.11796875
3 0.8453125 0.47421875 0.06796875 0.1265625
8 0.3421875 0.39296875 0.06484375 0.15
11 0.16640625 0.253125 0.0671875 0.121875
5 0.56640625 0.06484375 0.0578125 0.109375
1 0.709375 0.165625 0.08984375 0.20234375
4 0.4203125 0.34375 0.0828125 0.1890625
10 0.41015625 0.54453125 0.08046875 0.171875
7 0.3796875 0.7109375 0.09921875 0.1953125