3 0.44453125 0.39609375 0.0671875 0.10078125
3 0.24921875 0.52890625 0.06484375 0.09765625
3 0.34140625 0.36484375 0.0515625 0.0953125
3 0.2578125 0.371875 0.05625 0.09375
3 0.4765625 0.2125 0.04921875 0.0875
3 0.53125 0.17109375 0.04140625 0.08984375
3 0.60625 0.18828125 0.05546875 0.096875
9 0.765625 0.41640625 0.06328125 0.09765625
9 0.58046875 0.36953125 0.04765625 0.0953125
9 0.67265625 0.5125 0.06015625 0.090625
9 0.57421875 0.484375 0.0515625 0.08984375
9 0.4875 0.6640625 0.05390625 0.090625
9 0.43671875 0.71640625 0.04921875 0.0859375
9 0.365625 0.78359375 0.06171875 0.09375
11 0.39921875 0.89453125 0.06953125 0.109375
11 0.78046875 0.528125 0.08359375 0.10859375
8 0.56328125 0.59609375 0.07109375 0.1046875
6 0.6125 0.54375 0.06953125 0.1203125
7 0.68359375 0.6234375 0.09609375 0.15859375
10 0.60625 0.69140625 0.0953125 0.14296875
0 0.2125 0.271875 0.07421875 0.13203125
5 0.2765625 0.2484375 0.05703125 0.10234375
5 0.5375 0.08984375 0.0484375 0.115625
2 0.4828125 0.1109375 0.0484375 0.11328125
4 0.3171875 0.18828125 0.0671875 0.16640625
1 0.3828125 0.1421875 0.065625 0.17890625
0 0.34140625 0.53515625 0.06953125 0.13046875