3 0.7546875 0.28046875 0.05390625 0.0953125
3 0.678125 0.23046875 0.05546875 0.10234375
3 0.60703125 0.22734375 0.03671875 0.0859375
3 0.48046875 0.3609375 0.03984375 0.1
3 0.34140625 0.23125 0.040625 0.08984375
3 0.409375 0.2796875 0.04609375 0.1
3 0.2875 0.21328125 0.04375 0.084375
0 0.3546875 0.13828125 0.0453125 0.1421875
0 0.6015625 0.14453125 0.05 0.1359375
5 0.41484375 0.1578125 0.04453125 0.1125
5 0.72734375 0.15859375 0.05625 0.1078125
2 0.66171875 0.14921875 0.0546875 0.109375
1 0.540625 0.115625 0.05234375 0.184375
4 0.4703125 0.1265625 0.05859375 0.16171875
9 0.22265625 0.62578125 0.06640625 0.0828125
9 0.31875 0.615625 0.05625 0.0875
9 0.3828125 0.6125 0.053125 0.090625
9 0.646875 0.62109375 0.0515625 0.1
9 0.63828125 0.50546875 0.06484375 0.10390625
9 0.81171875 0.60390625 0.0625 0.08828125
9 0.56015625 0.5203125 0.04921875 0.08828125
8 0.296875 0.73359375 0.07890625 0.12421875
11 0.18671875 0.72734375 0.08515625 0.1140625
11 0.86484375 0.73125 0.09375 0.1203125
6 0.56484375 0.5921875 0.0734375 0.1265625
10 0.48046875 0.7203125 0.084375 0.1609375
7 0.58359375 0.7078125 0.08671875 0.16953125