3 0.4515625 0.3859375 0.0421875 0.08984375
3 0.43515625 0.48828125 0.04765625 0.0828125
3 0.65078125 0.39609375 0.05 0.084375
3 0.7390625 0.43671875 0.05625 0.09375
9 0.37265625 0.26953125 0.04375 0.0890625
9 0.42890625 0.21640625 0.0390625 0.0828125
9 0.3828125 0.54140625 0.04609375 0.07734375
9 0.490625 0.1828125 0.0359375 0.07734375
11 0.16640625 0.31796875 0.0765625 0.10859375
11 0.56796875 0.1921875 0.05234375 0.10859375
10 0.3984375 0.13671875 0.0609375 0.153125
7 0.33671875 0.16484375 0.07734375 0.17734375
0 0.54765625 0.49296875 0.0546875 0.10859375
0 0.7046875 0.46796875 0.071875 0.1125
5 0.590625 0.73203125 0.06640625 0.11640625
1 0.525 0.8015625 0.078125 0.1375
2 0.49296875 0.5640625 0.06015625 0.11875
6 0.5640625 0.3875 0.059375 0.10703125