4 0.784375 0.29609375 0.07109375 0.1625
1 0.790625 0.36796875 0.0765625 0.18671875
5 0.84140625 0.73046875 0.071875 0.13515625
5 0.74140625 0.065625 0.0515625 0.1109375
0 0.753125 0.2109375 0.046875 0.13046875
0 0.70859375 0.6140625 0.059375 0.12421875
3 0.6984375 0.39921875 0.04375 0.0953125
3 0.709375 0.5046875 0.0484375 0.10234375
3 0.6421875 0.73828125 0.05078125 0.10078125
3 0.61796875 0.6140625 0.05078125 0.10703125
3 0.6765625 0.228125 0.0421875 0.0921875
3 0.66484375 0.14609375 0.0390625 0.0890625
3 0.65859375 0.06171875 0.03984375 0.0984375
2 0.5890625 0.13125 0.04765625 0.13125
2 0.62890625 0.48203125 0.0609375 0.13828125
3 0.51640625 0.30234375 0.04296875 0.1015625
10 0.18828125 0.2765625 0.059375 0.165625
7 0.1734375 0.36171875 0.065625 0.19296875
6 0.16171875 0.48671875 0.0546875 0.134375
6 0.19375 0.2015625 0.05078125 0.13046875
8 0.36640625 0.19921875 0.05859375 0.14765625
8 0.16875 0.596875 0.0671875 0.1515625
9 0.4515625 0.73515625 0.0515625 0.10390625
9 0.2609375 0.615625 0.05625 0.103125
9 0.2640625 0.5171875 0.05703125 0.10703125
9 0.275 0.409375 0.05390625 0.0984375
9 0.27734375 0.309375 0.0578125 0.09609375
9 0.28046875 0.22265625 0.05078125 0.0921875
9 0.2859375 0.1390625 0.05078125 0.0890625
9 0.2859375 0.05859375 0.03828125 0.09375
11 0.2546875 0.73828125 0.0609375 0.1328125