9 0.20234375 0.30703125 0.059375 0.10703125
9 0.29375 0.25625 0.05546875 0.109375
9 0.34609375 0.2484375 0.05390625 0.103125
9 0.440625 0.28828125 0.053125 0.1015625
9 0.52890625 0.3140625 0.0453125 0.103125
9 0.528125 0.18203125 0.04296875 0.09296875
9 0.58046875 0.1765625 0.0390625 0.09765625
9 0.63515625 0.1515625 0.046875 0.09765625
3 0.41875 0.640625 0.0546875 0.1109375
3 0.30703125 0.70859375 0.06484375 0.1140625
3 0.50625 0.634375 0.06171875 0.11796875
3 0.534375 0.48125 0.0515625 0.10625
3 0.56484375 0.38203125 0.04296875 0.103125
3 0.85625 0.42890625 0.0640625 0.1046875
3 0.8015625 0.453125 0.06171875 0.10625
3 0.74296875 0.5015625 0.06171875 0.109375
8 0.5671875 0.1140625 0.0515625 0.1234375
8 0.37421875 0.29609375 0.0484375 0.1359375
11 0.32734375 0.18359375 0.0578125 0.11953125
11 0.61875 0.10234375 0.053125 0.11328125
5 0.3421875 0.8359375 0.0859375 0.14375
5 0.91953125 0.509375 0.0921875 0.14921875
1 0.6390625 0.62734375 0.10546875 0.22109375
4 0.73046875 0.61328125 0.11640625 0.21953125
10 0.4515625 0.12109375 0.06953125 0.1875
7 0.23828125 0.159375 0.0796875 0.23359375
0 0.53515625 0.71875 0.07734375 0.1734375
0 0.6734375 0.5296875 0.0625 0.159375
6 0.46640625 0.18671875 0.05078125 0.15703125
2 0.453125 0.50625 0.06875 0.13984375
2 0.68515625 0.39140625 0.0765625 0.12421875