3 0.546875 0.36796875 0.04765625 0.08828125
3 0.41015625 0.5640625 0.05078125 0.07890625
3 0.3265625 0.6375 0.05625 0.08046875
3 0.4171875 0.36875 0.053125 0.0875
9 0.54453125 0.28984375 0.0484375 0.0828125
9 0.68984375 0.43046875 0.04921875 0.08515625
9 0.70859375 0.559375 0.05859375 0.08828125
9 0.64765625 0.6703125 0.05703125 0.08828125
9 0.71328125 0.3578125 0.05703125 0.0921875
11 0.740625 0.15078125 0.0609375 0.11953125
11 0.69453125 0.27890625 0.0578125 0.10703125
10 0.6109375 0.26015625 0.06796875 0.15859375
7 0.76328125 0.26328125 0.09375 0.178125
0 0.40078125 0.27890625 0.06171875 0.13046875
0 0.48125 0.440625 0.0578125 0.125
5 0.55078125 0.21328125 0.0546875 0.1265625
1 0.265625 0.1234375 0.08359375 0.18984375
2 0.41796875 0.1515625 0.0625 0.1375
6 0.57578125 0.77578125 0.0765625 0.0921875