3 0.48046875 0.3578125 0.05546875 0.1140625
3 0.59453125 0.1859375 0.053125 0.10546875
9 0.58828125 0.5109375 0.059375 0.11328125
9 0.3015625 0.38203125 0.06640625 0.11328125
9 0.31484375 0.2203125 0.0546875 0.11171875
11 0.17734375 0.68671875 0.10625 0.1546875
10 0.20859375 0.25703125 0.08984375 0.20390625
7 0.38828125 0.50703125 0.0984375 0.234375
2 0.53046875 0.25078125 0.06953125 0.15078125
4 0.46171875 0.1609375 0.08046875 0.20859375
1 0.85 0.35078125 0.13515625 0.2421875
0 0.67890625 0.16484375 0.07265625 0.1640625
0 0.6421875 0.30546875 0.06484375 0.1671875