9 0.509375 0.42265625 0.053125 0.1078125
9 0.69375 0.35703125 0.05859375 0.1125
9 0.71875 0.31328125 0.04921875 0.1046875
9 0.71328125 0.22734375 0.059375 0.10390625
9 0.6 0.6703125 0.0640625 0.11484375
9 0.64375 0.5953125 0.06953125 0.115625
9 0.57421875 0.80625 0.06953125 0.12421875
9 0.59296875 0.3875 0.046875 0.11171875
3 0.14375 0.565625 0.06640625 0.11640625
3 0.1953125 0.48515625 0.06328125 0.11171875
3 0.24140625 0.403125 0.06015625 0.1109375
3 0.43515625 0.3875 0.04921875 0.10390625
3 0.4 0.30078125 0.053125 0.0953125
3 0.359375 0.21171875 0.04453125 0.09921875
3 0.440625 0.12109375 0.0421875 0.1
3 0.40859375 0.17734375 0.0484375 0.09609375
8 0.628125 0.31484375 0.06015625 0.134375
8 0.6953125 0.74609375 0.0921875 0.1515625
11 0.659375 0.86953125 0.090625 0.1296875
11 0.77421875 0.38828125 0.07578125 0.134375
5 0.06328125 0.50234375 0.09140625 0.1359375
5 0.37890625 0.0890625 0.06328125 0.1078125
1 0.26875 0.19375 0.08515625 0.21171875
4 0.21640625 0.2578125 0.09140625 0.1890625
10 0.74375 0.5203125 0.1015625 0.18671875
7 0.8171875 0.2828125 0.09921875 0.21796875
0 0.2796875 0.29921875 0.0703125 0.15234375
0 0.315625 0.16640625 0.05625 0.1484375
2 0.4328125 0.23125 0.059375 0.12421875
2 0.31953125 0.43046875 0.0625 0.1453125
1 0.2703125 0.1921875 0.07890625 0.2078125
6 0.65625 0.46171875 0.078125 0.15234375