8 0.63515625 0.403125 0.04921875 0.10390625
11 0.51328125 0.1234375 0.0390625 0.09609375
11 0.8359375 0.31640625 0.06171875 0.0984375
6 0.60390625 0.29765625 0.04609375 0.1171875
7 0.6109375 0.15546875 0.05625 0.16484375
10 0.6671875 0.196875 0.05546875 0.1484375
9 0.54375 0.29453125 0.0375 0.08515625
9 0.46171875 0.31015625 0.040625 0.08125
9 0.434375 0.15546875 0.0390625 0.0828125
9 0.52734375 0.2046875 0.03515625 0.07734375
9 0.73984375 0.334375 0.046875 0.08125
9 0.8046875 0.36796875 0.053125 0.08125
0 0.5984375 0.46484375 0.0453125 0.11171875
5 0.49375 0.69375 0.053125 0.096875
3 0.60859375 0.65 0.04609375 0.08203125
3 0.72265625 0.56875 0.0546875 0.08203125
3 0.571875 0.5421875 0.05078125 0.07578125
0 0.55703125 0.75234375 0.0578125 0.11015625
5 0.1828125 0.4515625 0.0671875 0.10078125
3 0.28828125 0.4265625 0.05 0.084375
3 0.3546875 0.47109375 0.046875 0.08203125
3 0.27421875 0.33984375 0.0453125 0.07734375
2 0.38359375 0.39921875 0.05390625 0.1109375
1 0.35703125 0.57578125 0.07578125 0.16171875
4 0.425 0.64765625 0.06796875 0.15