9 0.5078125 0.43671875 0.05 0.115625
9 0.6015625 0.48125 0.05859375 0.11328125
9 0.71484375 0.54609375 0.06953125 0.11171875
9 0.778125 0.53984375 0.06875 0.11171875
9 0.85625 0.4765625 0.07578125 0.10859375
9 0.4734375 0.6578125 0.07265625 0.11875
9 0.39296875 0.6625 0.06484375 0.121875
9 0.28046875 0.71796875 0.07109375 0.11171875
3 0.4828125 0.3640625 0.0484375 0.0921875
3 0.2875 0.28515625 0.05 0.10078125
3 0.221875 0.2984375 0.05390625 0.10390625
3 0.521875 0.29296875 0.0453125 0.08671875
3 0.55546875 0.209375 0.046875 0.09765625
3 0.68984375 0.1953125 0.04453125 0.09609375
3 0.621875 0.21328125 0.04140625 0.0921875
8 0.68125 0.4640625 0.07578125 0.12734375
8 0.38203125 0.80078125 0.0859375 0.15546875
11 0.7609375 0.6453125 0.0875 0.14296875
11 0.275 0.82421875 0.0953125 0.146875
5 0.2171875 0.225 0.05859375 0.12265625
5 0.659375 0.1328125 0.05546875 0.10859375
1 0.4828125 0.1359375 0.0578125 0.19453125
4 0.4125 0.159375 0.0703125 0.1875
10 0.59140625 0.68828125 0.08671875 0.19453125
6 0.56875 0.5765625 0.07421875 0.184375
7 0.8859375 0.59609375 0.13984375 0.20703125
3 0.35546875 0.26015625 0.0484375 0.1015625
2 0.375 0.31484375 0.0640625 0.115625
2 0.59296875 0.2671875 0.05390625 0.1203125
0 0.54296875 0.146875 0.05625 0.1609375
0 0.43203125 0.215625 0.0453125 0.1484375