4 0.784375 0.284375 0.07421875 0.13671875
1 0.79140625 0.36953125 0.06953125 0.1828125
0 0.759375 0.21171875 0.0546875 0.11796875
0 0.80390625 0.49375 0.06171875 0.1328125
2 0.74765625 0.1328125 0.053125 0.10703125
2 0.8265625 0.6078125 0.071875 0.12265625
5 0.840625 0.7296875 0.065625 0.1328125
5 0.74140625 0.06640625 0.05 0.10546875
3 0.6609375 0.0609375 0.04140625 0.0921875
3 0.6640625 0.13984375 0.03984375 0.09453125
3 0.678125 0.2265625 0.03828125 0.09140625
3 0.68515625 0.30546875 0.0421875 0.0921875
3 0.696875 0.40078125 0.05 0.10078125
3 0.71171875 0.50390625 0.0484375 0.10625
3 0.7234375 0.61015625 0.04375 0.103125
3 0.73828125 0.73125 0.0484375 0.1125
10 0.190625 0.275 0.0703125 0.15546875
7 0.17109375 0.36015625 0.06875 0.19296875
6 0.15859375 0.4875 0.0609375 0.1296875
8 0.196875 0.12734375 0.0546875 0.11484375
8 0.15546875 0.61953125 0.06796875 0.13203125
11 0.13984375 0.746875 0.07265625 0.13359375
9 0.28359375 0.05546875 0.04609375 0.09453125
9 0.27890625 0.1328125 0.04765625 0.08359375
9 0.2796875 0.22265625 0.0546875 0.09375
9 0.27421875 0.3078125 0.0578125 0.08828125
9 0.2734375 0.40859375 0.0578125 0.09921875
9 0.26328125 0.51015625 0.05625 0.09453125
9 0.2625 0.6109375 0.05625 0.1078125
9 0.25 0.73359375 0.0640625 0.1140625