9 0.4578125 0.3546875 0.04921875 0.1109375
9 0.303125 0.43203125 0.05859375 0.10234375
9 0.17109375 0.35703125 0.0703125 0.1125
9 0.61015625 0.234375 0.04921875 0.1015625
9 0.58515625 0.1234375 0.0453125 0.09140625
3 0.35703125 0.73515625 0.06640625 0.1171875
3 0.53203125 0.63359375 0.06015625 0.1125
3 0.55859375 0.3703125 0.05078125 0.09609375
3 0.65390625 0.3796875 0.05078125 0.1046875
3 0.79609375 0.4140625 0.06015625 0.1078125
3 0.82890625 0.3625 0.0734375 0.1125
8 0.44921875 0.1984375 0.06171875 0.1203125
11 0.4171875 0.2859375 0.06640625 0.13359375
11 0.56171875 0.084375 0.059375 0.11953125
5 0.89921875 0.421875 0.07109375 0.12578125
1 0.853125 0.43828125 0.1171875 0.21875
4 0.678125 0.253125 0.075 0.18515625
10 0.2296875 0.4328125 0.09453125 0.20625
7 0.184375 0.2109375 0.0953125 0.2109375