3 0.3625 0.21953125 0.04453125 0.09375
3 0.30859375 0.2546875 0.05 0.11328125
3 0.515625 0.2234375 0.0453125 0.09921875
3 0.51796875 0.159375 0.0453125 0.10859375
9 0.5109375 0.42734375 0.046875 0.1078125
9 0.55703125 0.503125 0.0546875 0.10859375
9 0.61953125 0.4625 0.0609375 0.12109375
9 0.68515625 0.428125 0.05625 0.1109375
11 0.68046875 0.31796875 0.0625 0.121875
10 0.6125 0.5625 0.0828125 0.215625
7 0.6859375 0.50703125 0.09140625 0.21328125
0 0.48203125 0.26328125 0.06328125 0.17109375
0 0.6453125 0.25703125 0.053125 0.15234375
1 0.4671875 0.13125 0.06484375 0.2078125