9 0.4796875 0.4265625 0.06015625 0.11640625
9 0.46796875 0.19921875 0.05390625 0.10546875
9 0.459375 0.6390625 0.06015625 0.11484375
9 0.24609375 0.75234375 0.08125 0.11328125
9 0.34765625 0.1265625 0.05546875 0.103125
3 0.56015625 0.34453125 0.04765625 0.10546875
3 0.6234375 0.278125 0.05078125 0.09609375
3 0.71640625 0.203125 0.05390625 0.10625
3 0.6875 0.14140625 0.05 0.10703125
3 0.75546875 0.53515625 0.065625 0.12734375
3 0.759375 0.7734375 0.07578125 0.11640625
8 0.33125 0.30859375 0.071875 0.14453125
11 0.39140625 0.40859375 0.0671875 0.1296875
11 0.2890625 0.109375 0.0546875 0.125
5 0.765625 0.14453125 0.059375 0.13125
1 0.790625 0.171875 0.09140625 0.22578125
4 0.55234375 0.1546875 0.06640625 0.2
10 0.43203125 0.7265625 0.09609375 0.190625
7 0.12265625 0.603125 0.15 0.2171875