9 0.20625 0.26953125 0.065625 0.10078125
9 0.29921875 0.23046875 0.05703125 0.09921875
9 0.353125 0.2234375 0.05546875 0.10234375
9 0.53046875 0.378125 0.05078125 0.10078125
9 0.64609375 0.275 0.0546875 0.10625
9 0.66328125 0.1578125 0.0421875 0.09765625
3 0.4203125 0.62578125 0.059375 0.10859375
3 0.33125 0.6203125 0.06171875 0.12578125
3 0.215625 0.65625 0.0703125 0.10703125
3 0.484375 0.478125 0.0546875 0.10234375
3 0.76015625 0.5125 0.06484375 0.1
3 0.63984375 0.4359375 0.0546875 0.1046875
3 0.83203125 0.48671875 0.06171875 0.11484375
8 0.59765625 0.11171875 0.05 0.1109375
8 0.309375 0.434375 0.06875 0.14765625
11 0.34453125 0.15546875 0.05234375 0.11328125
11 0.65625 0.10859375 0.05234375 0.11484375
5 0.21484375 0.7859375 0.0984375 0.13828125
5 0.87578125 0.571875 0.0859375 0.14375
1 0.528125 0.640625 0.0765625 0.2078125
4 0.6265625 0.63828125 0.09296875 0.21171875
10 0.47109375 0.115625 0.0578125 0.1734375
7 0.25546875 0.12578125 0.08203125 0.21875
0 0.5953125 0.55 0.06640625 0.16015625
6 0.3765625 0.33046875 0.0578125 0.159375