0 0.709375 0.61015625 0.05234375 0.13359375
9 0.446875 0.7328125 0.0484375 0.10390625
4 0.78203125 0.29375 0.06875 0.15625
1 0.79375 0.371875 0.06875 0.18984375
0 0.7515625 0.21171875 0.0484375 0.1328125
5 0.83984375 0.73359375 0.071875 0.13203125
5 0.7390625 0.06484375 0.05 0.1140625
2 0.440625 0.39296875 0.04921875 0.13671875
2 0.5875 0.13046875 0.0453125 0.12578125
3 0.65859375 0.0625 0.0421875 0.08984375
3 0.66484375 0.14296875 0.0375 0.09296875
3 0.675 0.225 0.04375 0.09921875
3 0.69765625 0.4 0.04609375 0.10078125
3 0.70625 0.5046875 0.04765625 0.1015625
3 0.64375 0.73984375 0.0515625 0.1109375
3 0.61484375 0.61484375 0.05078125 0.10703125
3 0.51640625 0.3 0.04140625 0.1
10 0.1859375 0.27734375 0.06328125 0.16875
7 0.1734375 0.36328125 0.071875 0.1875
6 0.19140625 0.2015625 0.0484375 0.1328125
6 0.159375 0.4875 0.05625 0.1359375
11 0.25234375 0.7421875 0.065625 0.1296875
8 0.3640625 0.1984375 0.04921875 0.13046875
8 0.16640625 0.5984375 0.0671875 0.14296875
9 0.4359375 0.3 0.04375 0.10078125
9 0.428125 0.13984375 0.04453125 0.09921875
9 0.284375 0.05703125 0.0390625 0.09765625
9 0.28125 0.2234375 0.0453125 0.1015625
9 0.275 0.40859375 0.04453125 0.1015625
9 0.265625 0.5109375 0.04609375 0.1
9 0.26328125 0.6140625 0.05 0.10390625