3 0.34921875 0.24140625 0.046875 0.0953125
3 0.39453125 0.31328125 0.04453125 0.09140625
3 0.5578125 0.4609375 0.046875 0.09140625
3 0.6234375 0.38671875 0.04921875 0.08984375
9 0.3828125 0.66328125 0.06015625 0.0921875
9 0.47890625 0.6734375 0.0515625 0.0859375
9 0.5734375 0.66953125 0.05390625 0.090625
9 0.68984375 0.38046875 0.053125 0.08984375
11 0.84375 0.7796875 0.09765625 0.1140625
11 0.31328125 0.5625 0.07578125 0.109375
10 0.46875 0.78125 0.07890625 0.1375
7 0.57109375 0.77890625 0.0875 0.14296875
0 0.540625 0.2859375 0.05625 0.146875
0 0.409375 0.2140625 0.06171875 0.1546875
5 0.60078125 0.159375 0.04765625 0.11875
1 0.67421875 0.11953125 0.07734375 0.190625
2 0.6109375 0.28828125 0.05546875 0.121875
6 0.46796875 0.3765625 0.0609375 0.1171875