9 0.30234375 0.434375 0.06484375 0.103125
9 0.47109375 0.3484375 0.05234375 0.11328125
9 0.71484375 0.41171875 0.06328125 0.11875
9 0.17890625 0.61875 0.0734375 0.103125
9 0.64140625 0.6078125 0.06328125 0.1109375
9 0.83046875 0.58125 0.078125 0.12421875
3 0.39453125 0.271875 0.04375 0.10234375
3 0.32734375 0.19609375 0.0453125 0.09453125
3 0.25390625 0.2046875 0.05234375 0.10078125
3 0.609375 0.19296875 0.0484375 0.10078125
3 0.74765625 0.20546875 0.059375 0.10234375
3 0.53984375 0.26953125 0.05078125 0.09921875
8 0.23203125 0.72265625 0.0859375 0.1453125
8 0.67421875 0.1921875 0.06171875 0.13203125
11 0.13671875 0.7171875 0.09609375 0.13046875
11 0.65078125 0.7203125 0.0703125 0.140625
5 0.27109375 0.134375 0.06484375 0.125
5 0.671875 0.1328125 0.0625 0.13515625
1 0.53828125 0.146875 0.059375 0.2
4 0.46796875 0.10625 0.07109375 0.18203125
10 0.44765625 0.69140625 0.09140625 0.178125
7 0.7859375 0.7171875 0.125 0.19296875
6 0.52578125 0.3125 0.05546875 0.15859375