3 0.25 0.34609375 0.0625 0.0921875
3 0.390625 0.28125 0.053125 0.0984375
3 0.59921875 0.21875 0.0484375 0.09921875
3 0.671875 0.221875 0.05703125 0.1015625
3 0.7453125 0.275 0.06875 0.1046875
9 0.20546875 0.6328125 0.07265625 0.0875
9 0.2953125 0.63203125 0.0671875 0.103125
9 0.63125 0.5265625 0.05703125 0.09140625
9 0.6171875 0.421875 0.05546875 0.09921875
9 0.7671875 0.44140625 0.06796875 0.11328125
0 0.48203125 0.265625 0.0609375 0.1375
5 0.7296875 0.1390625 0.065625 0.12265625
1 0.53125 0.09921875 0.05546875 0.1828125
4 0.53671875 0.496875 0.065625 0.15859375
11 0.721875 0.75703125 0.07578125 0.1171875
7 0.540625 0.72890625 0.07734375 0.16015625