0 0.32890625 0.13359375 0.0625 0.13828125
0 0.38203125 0.35625 0.06640625 0.1375
3 0.3828125 0.29921875 0.05078125 0.08828125
3 0.2390625 0.37109375 0.05703125 0.0921875
3 0.31953125 0.23828125 0.05234375 0.0875
3 0.74140625 0.2984375 0.05625 0.09453125
3 0.6671875 0.23671875 0.053125 0.09296875
3 0.59765625 0.234375 0.0453125 0.08828125
2 0.6046875 0.3 0.06015625 0.121875
4 0.4515625 0.12109375 0.0625 0.165625
1 0.52421875 0.11484375 0.05703125 0.1828125
5 0.39140625 0.15078125 0.0515625 0.10703125
5 0.7234375 0.15625 0.0640625 0.115625
9 0.6078125 0.45625 0.0484375 0.0875
9 0.534375 0.546875 0.05 0.09140625
9 0.29140625 0.6625 0.05859375 0.09609375
9 0.1984375 0.67578125 0.0734375 0.07734375
9 0.6203125 0.67109375 0.05625 0.08046875
9 0.778125 0.66015625 0.0703125 0.084375
11 0.72109375 0.7984375 0.08125 0.09296875
11 0.16484375 0.7890625 0.08671875 0.09296875
10 0.44921875 0.7765625 0.06796875 0.11875
7 0.54921875 0.7765625 0.0765625 0.125
8 0.37421875 0.46484375 0.06015625 0.10078125
6 0.45859375 0.5578125 0.05390625 0.115625