9 0.61796875 0.45 0.0609375 0.09609375
9 0.7671875 0.4625 0.06796875 0.09765625
9 0.6203125 0.55546875 0.05625 0.09375
9 0.1921875 0.6578125 0.07734375 0.09140625
9 0.28671875 0.6578125 0.07421875 0.1046875
3 0.2421875 0.36796875 0.053125 0.09453125
3 0.59296875 0.24453125 0.04609375 0.090625
3 0.67109375 0.246875 0.0515625 0.09609375
3 0.74296875 0.30546875 0.05390625 0.1015625
2 0.5328125 0.5390625 0.0625 0.1328125
0 0.48046875 0.29140625 0.05390625 0.1359375
4 0.384375 0.34296875 0.08125 0.178125
1 0.525 0.12734375 0.053125 0.1890625
10 0.26796875 0.51953125 0.09140625 0.16484375
7 0.54296875 0.753125 0.07265625 0.1578125
11 0.72734375 0.78203125 0.078125 0.11015625
5 0.72421875 0.16953125 0.06171875 0.12421875