3 0.37265625 0.56015625 0.05546875 0.0875
3 0.43515625 0.7765625 0.05703125 0.096875
3 0.32109375 0.28828125 0.05703125 0.1015625
3 0.32890625 0.19765625 0.05390625 0.10078125
3 0.39296875 0.1375 0.04921875 0.09921875
9 0.52578125 0.28515625 0.05 0.0921875
9 0.53359375 0.1421875 0.046875 0.103125
9 0.6046875 0.27421875 0.05078125 0.1
9 0.709375 0.6671875 0.06875 0.1109375
9 0.72890625 0.79296875 0.078125 0.1078125
0 0.37890625 0.415625 0.07265625 0.1390625
5 0.2578125 0.12109375 0.06015625 0.121875
1 0.209375 0.32734375 0.09765625 0.1796875
4 0.61640625 0.43203125 0.0796875 0.15859375
11 0.7546875 0.215625 0.05859375 0.13125
7 0.80078125 0.5296875 0.121875 0.17421875