3 0.365625 0.47109375 0.06015625 0.10703125
3 0.37265625 0.30234375 0.053125 0.12421875
3 0.26796875 0.28125 0.05625 0.109375
9 0.59609375 0.184375 0.0453125 0.10078125
9 0.6796875 0.28828125 0.04921875 0.1015625
9 0.63359375 0.2375 0.05546875 0.10546875
11 0.50859375 0.16328125 0.046875 0.1140625
9 0.61796875 0.3171875 0.05390625 0.09765625
10 0.74609375 0.22734375 0.08359375 0.1734375
7 0.7109375 0.18125 0.0890625 0.23671875
0 0.4515625 0.15859375 0.0546875 0.1625
0 0.45390625 0.31328125 0.06484375 0.15703125
3 0.40078125 0.5484375 0.05859375 0.12109375
1 0.290625 0.2921875 0.08046875 0.215625