9 0.31015625 0.403125 0.06015625 0.11953125
9 0.47734375 0.3203125 0.059375 0.1203125
9 0.18046875 0.5828125 0.08203125 0.12421875
9 0.66640625 0.56171875 0.06796875 0.13828125
9 0.734375 0.378125 0.06015625 0.1203125
9 0.8671875 0.53125 0.08125 0.13203125
3 0.3984375 0.2515625 0.05390625 0.109375
3 0.31875 0.17890625 0.04921875 0.109375
3 0.246875 0.18515625 0.059375 0.10703125
3 0.609375 0.18125 0.0484375 0.0984375
3 0.54375 0.24765625 0.05078125 0.10703125
3 0.74609375 0.19453125 0.05234375 0.096875
8 0.4921875 0.553125 0.0765625 0.14453125
8 0.7453125 0.14140625 0.06875 0.128125
11 0.5953125 0.66875 0.071875 0.14765625
11 0.14140625 0.68828125 0.103125 0.14921875
5 0.259375 0.11640625 0.0625 0.13125
1 0.53828125 0.13046875 0.0640625 0.21640625
4 0.4578125 0.10234375 0.08125 0.1828125
10 0.48203125 0.64765625 0.08203125 0.21640625
7 0.83515625 0.6265625 0.153125 0.2359375
0 0.465625 0.15546875 0.0640625 0.15
6 0.68359375 0.1609375 0.05859375 0.1546875