9 0.19140625 0.434375 0.06015625 0.0875
9 0.2625 0.35234375 0.05546875 0.08359375
9 0.30625 0.32578125 0.0546875 0.09375
9 0.57578125 0.26015625 0.046875 0.08515625
9 0.5203125 0.40546875 0.04765625 0.0921875
9 0.55390625 0.12265625 0.040625 0.09609375
3 0.51484375 0.52265625 0.0484375 0.08046875
3 0.62109375 0.41640625 0.04453125 0.0828125
3 0.73125 0.4421875 0.04296875 0.084375
3 0.775 0.38828125 0.05 0.084375
3 0.44375 0.70625 0.05234375 0.0890625
3 0.51484375 0.68203125 0.0484375 0.0953125
3 0.3671875 0.79140625 0.0546875 0.075
8 0.35859375 0.55 0.0546875 0.10703125
8 0.47890625 0.103125 0.04921875 0.11484375
11 0.27578125 0.26171875 0.06171875 0.10625
11 0.5265625 0.0765625 0.05546875 0.11484375
5 0.82890625 0.45 0.06875 0.10703125
5 0.41953125 0.89375 0.07109375 0.0953125
1 0.615625 0.6578125 0.07109375 0.14296875
4 0.68203125 0.60859375 0.084375 0.1625
10 0.37890625 0.1609375 0.06328125 0.15546875
7 0.18671875 0.26484375 0.09609375 0.18515625
0 0.628125 0.540625 0.05390625 0.103125
6 0.38515625 0.434375 0.0625 0.1265625