9 0.46328125 0.21015625 0.04453125 0.103125
9 0.3421875 0.14765625 0.05 0.1015625
9 0.3078125 0.5 0.06328125 0.10859375
9 0.3015625 0.7203125 0.071875 0.12109375
9 0.48203125 0.6140625 0.065625 0.12265625
9 0.54375 0.33984375 0.05625 0.10859375
3 0.63125 0.415625 0.0546875 0.1046875
3 0.74765625 0.50703125 0.065625 0.11484375
3 0.771875 0.7171875 0.07578125 0.1171875
3 0.68671875 0.20625 0.0484375 0.096875
3 0.6640625 0.15 0.0515625 0.10390625
3 0.6109375 0.2625 0.0578125 0.1109375
8 0.26796875 0.18203125 0.0640625 0.13828125
8 0.771875 0.59375 0.09375 0.14609375
11 0.2078125 0.4875 0.078125 0.1328125
11 0.28671875 0.13046875 0.0640625 0.11953125
5 0.85546875 0.59765625 0.09453125 0.14140625
5 0.7390625 0.14765625 0.05625 0.11875
1 0.728125 0.37109375 0.1 0.20859375
4 0.796875 0.31484375 0.08828125 0.19765625
10 0.24296875 0.290625 0.0859375 0.20390625
7 0.1546875 0.56640625 0.12421875 0.22109375
6 0.56015625 0.37734375 0.05859375 0.1609375
0 0.715625 0.31640625 0.059375 0.14921875