5 0.19765625 0.728125 0.08203125 0.11328125
2 0.29765625 0.73671875 0.07578125 0.103125
0 0.38203125 0.7265625 0.06015625 0.115625
1 0.48125 0.703125 0.0640625 0.16171875
4 0.58203125 0.70859375 0.07578125 0.1515625
5 0.6578125 0.70625 0.0640625 0.1046875
0 0.74453125 0.71015625 0.0765625 0.12890625
3 0.79765625 0.6171875 0.06484375 0.0890625
3 0.72265625 0.60390625 0.05625 0.08671875
3 0.64296875 0.61875 0.05078125 0.0859375
3 0.471875 0.52109375 0.0453125 0.0875
3 0.53984375 0.44453125 0.040625 0.08671875
3 0.38828125 0.61484375 0.046875 0.0859375
3 0.3 0.615625 0.05390625 0.09375
3 0.2203125 0.61640625 0.05546875 0.08671875
11 0.7140625 0.171875 0.04921875 0.10078125
8 0.64453125 0.16875 0.04609375 0.10546875
10 0.52890625 0.1421875 0.04140625 0.15859375
7 0.4640625 0.13671875 0.0453125 0.178125
6 0.40234375 0.15390625 0.0453125 0.1265625
11 0.275 0.1671875 0.0484375 0.10234375
9 0.2796875 0.24453125 0.0453125 0.08359375
9 0.34140625 0.2359375 0.0390625 0.084375
9 0.40625 0.22890625 0.0359375 0.08046875
9 0.46796875 0.2921875 0.040625 0.09140625
9 0.60234375 0.2390625 0.03671875 0.08359375
9 0.65078125 0.2359375 0.0359375 0.08203125
9 0.71640625 0.2296875 0.04296875 0.08515625
8 0.403125 0.29921875 0.0515625 0.10859375
9 0.54453125 0.3671875 0.0375 0.0953125
2 0.625 0.49765625 0.0640625 0.1203125