6 0.6294642859375 0.079365409375 0.143601190625 0.23753075468749998 0.20808531718749998 0.9400949078125 0.950148809375 0.5868280421875001 0.6294642859375 0.079365409375
9 0.4953125 0.59140625 0.0640625 0.1203125
9 0.3984375 0.2078125 0.05546875 0.11015625
3 0.5 0.16484375 0.04609375 0.1109375
3 0.715625 0.40546875 0.0515625 0.1109375
0 0.5671875 0.259375 0.05390625 0.165625
5 0.64609375 0.25234375 0.0546875 0.12734375
8 0.44296875 0.39140625 0.06640625 0.146875
11 0.428125 0.72890625 0.0828125 0.1515625
7 0.21015625 0.8 0.1546875 0.215625
1 0.72890625 0.1828125 0.084375 0.22109375