3 0.3625 0.4796875 0.05546875 0.08671875
3 0.39140625 0.2390625 0.053125 0.08515625
3 0.4234375 0.17265625 0.05390625 0.0921875
3 0.490625 0.13671875 0.05546875 0.08984375
3 0.3546875 0.67890625 0.05234375 0.08828125
9 0.6390625 0.32578125 0.05078125 0.0921875
9 0.61015625 0.1875 0.046875 0.0921875
9 0.565625 0.3046875 0.046875 0.0890625
9 0.62421875 0.6984375 0.05625 0.08828125
9 0.60390625 0.8140625 0.059375 0.084375
1 0.2828125 0.23203125 0.07734375 0.17734375
5 0.38046875 0.090625 0.05078125 0.1140625
0 0.40078125 0.359375 0.0515625 0.13203125
4 0.59765625 0.4640625 0.0703125 0.15703125
11 0.7984375 0.32734375 0.07421875 0.11640625
7 0.73515625 0.615625 0.10703125 0.171875