3 0.32578125 0.6484375 0.053125 0.08515625
3 0.3984375 0.60703125 0.05078125 0.08828125
3 0.478125 0.56015625 0.04609375 0.08125
3 0.50625 0.45546875 0.04296875 0.07734375
3 0.528125 0.371875 0.04140625 0.08046875
3 0.7921875 0.3828125 0.05546875 0.08671875
3 0.7375 0.40390625 0.0515625 0.08125
3 0.68671875 0.44765625 0.0515625 0.0875
5 0.3671875 0.740625 0.065625 0.109375
2 0.46484375 0.684375 0.06015625 0.109375
0 0.528125 0.63359375 0.059375 0.12109375
1 0.6140625 0.559375 0.07734375 0.1671875
4 0.690625 0.5265625 0.08671875 0.15546875
5 0.7375 0.49453125 0.06328125 0.103125
0 0.79765625 0.4578125 0.07109375 0.134375
9 0.4953125 0.31328125 0.04140625 0.08671875
9 0.17578125 0.33828125 0.05234375 0.08125
9 0.234375 0.30234375 0.0484375 0.07890625
9 0.3 0.2703125 0.04375 0.0828125
9 0.4828125 0.19765625 0.04140625 0.07890625
9 0.52265625 0.17734375 0.03515625 0.078125
9 0.5734375 0.153125 0.03515625 0.07578125
11 0.54765625 0.10703125 0.0390625 0.09140625
11 0.1265625 0.27578125 0.06328125 0.0953125
6 0.26171875 0.2078125 0.059375 0.121875
8 0.4859375 0.12890625 0.040625 0.096875
8 0.33515625 0.32578125 0.05625 0.10078125
9 0.3921875 0.290625 0.040625 0.08359375
10 0.3828125 0.1484375 0.05234375 0.1453125
7 0.32265625 0.165625 0.0625 0.1640625