3 0.27578125 0.38125 0.059375 0.08125
3 0.40390625 0.31796875 0.05 0.0859375
3 0.59765625 0.246875 0.0515625 0.07890625
3 0.67109375 0.24453125 0.053125 0.08359375
3 0.73984375 0.30234375 0.05546875 0.08984375
9 0.6234375 0.465625 0.0484375 0.09140625
9 0.7609375 0.47109375 0.05859375 0.08984375
9 0.63671875 0.55703125 0.05390625 0.08046875
9 0.32734375 0.6625 0.0546875 0.07734375
9 0.246875 0.675 0.06171875 0.07421875
0 0.49375 0.30390625 0.05390625 0.12421875
1 0.53046875 0.13359375 0.0578125 0.16328125
4 0.47578125 0.52421875 0.0671875 0.1390625
5 0.721875 0.1609375 0.06171875 0.11875
7 0.3875 0.7609375 0.08515625 0.115625
11 0.71953125 0.77109375 0.071875 0.09140625