3 0.40546875 0.296875 0.0453125 0.0921875
3 0.3640625 0.22734375 0.05078125 0.08671875
3 0.56015625 0.296875 0.04609375 0.09765625
3 0.5640625 0.4484375 0.04453125 0.0921875
9 0.4765625 0.64453125 0.0609375 0.09140625
9 0.3859375 0.63828125 0.05859375 0.09609375
9 0.5734375 0.63984375 0.05625 0.09609375
9 0.63828125 0.453125 0.05078125 0.09296875
9 0.30625 0.54921875 0.053125 0.090625
11 0.82890625 0.75625 0.0859375 0.10546875
11 0.65234375 0.64921875 0.0671875 0.1109375
10 0.646875 0.51171875 0.075 0.1515625
7 0.6625 0.73671875 0.1015625 0.140625
0 0.484375 0.3546875 0.05078125 0.13125
0 0.625 0.27421875 0.0578125 0.14375
5 0.71484375 0.45390625 0.06640625 0.12109375
1 0.74140625 0.1234375 0.0921875 0.2
2 0.76171875 0.2953125 0.07890625 0.128125
6 0.2421875 0.4515625 0.06953125 0.11875