9 0.51640625 0.4375 0.05546875 0.0953125
9 0.39453125 0.2671875 0.046875 0.09140625
9 0.4234375 0.15859375 0.04609375 0.08046875
9 0.5328125 0.228125 0.04609375 0.09296875
9 0.68046875 0.4625 0.053125 0.090625
9 0.8046875 0.40546875 0.06015625 0.0953125
3 0.29296875 0.47734375 0.05234375 0.09375
3 0.20625 0.3703125 0.0515625 0.10390625
3 0.41875 0.45078125 0.05 0.0953125
3 0.53671875 0.54921875 0.04453125 0.109375
3 0.55234375 0.7140625 0.05 0.10078125
3 0.63125 0.76171875 0.06015625 0.0953125
8 0.1484375 0.40546875 0.07265625 0.11875
8 0.6265625 0.28125 0.059375 0.11171875
11 0.840625 0.3578125 0.0625 0.10859375
11 0.60859375 0.21015625 0.053125 0.115625
5 0.5703125 0.84921875 0.06640625 0.13515625
1 0.35234375 0.484375 0.07890625 0.1921875
4 0.3734375 0.61875 0.0734375 0.16875
10 0.67109375 0.22421875 0.06875 0.1671875
7 0.5 0.1046875 0.05703125 0.17421875
0 0.41328125 0.565625 0.06328125 0.14296875
6 0.25234375 0.4015625 0.07578125 0.1328125