9 0.28125 0.21640625 0.059375 0.0953125
9 0.39453125 0.35078125 0.059375 0.10546875
9 0.41015625 0.21015625 0.0484375 0.09921875
9 0.46953125 0.275 0.0453125 0.1015625
9 0.60703125 0.21328125 0.04375 0.096875
9 0.66015625 0.2125 0.04453125 0.0953125
9 0.72578125 0.20859375 0.05234375 0.0984375
11 0.728125 0.140625 0.06171875 0.128125
11 0.34296875 0.14609375 0.065625 0.11640625
7 0.4671875 0.1109375 0.06484375 0.19453125
10 0.5390625 0.1203125 0.05390625 0.1734375
8 0.53203125 0.20859375 0.0546875 0.11953125
6 0.47421875 0.20078125 0.05859375 0.1515625
3 0.540625 0.4 0.05625 0.103125
3 0.628125 0.5015625 0.053125 0.109375
3 0.7234375 0.5640625 0.0640625 0.10546875
3 0.76953125 0.41953125 0.07109375 0.11015625
3 0.21328125 0.50703125 0.06484375 0.1078125
3 0.284375 0.58515625 0.06328125 0.103125
3 0.38046875 0.58046875 0.05703125 0.1
5 0.65078125 0.684375 0.071875 0.13359375
5 0.17734375 0.69921875 0.09453125 0.1328125
2 0.27890625 0.703125 0.0890625 0.13203125
1 0.46484375 0.67265625 0.08125 0.18359375
4 0.57109375 0.6875 0.08515625 0.1734375
0 0.7421875 0.68828125 0.09140625 0.1515625