9 0.2515625 0.5078125 0.0625 0.10625
9 0.45859375 0.4515625 0.0546875 0.08671875
9 0.3859375 0.40546875 0.0515625 0.08203125
9 0.434375 0.3453125 0.05703125 0.0875
9 0.47421875 0.14609375 0.04609375 0.0890625
9 0.50546875 0.09296875 0.053125 0.0890625
3 0.67109375 0.18515625 0.04921875 0.0859375
3 0.671875 0.3203125 0.05234375 0.09140625
3 0.63984375 0.57421875 0.05234375 0.09140625
3 0.59921875 0.678125 0.05625 0.0984375
3 0.50625 0.7265625 0.05625 0.1015625
5 0.65859375 0.83515625 0.07734375 0.115625
1 0.76796875 0.53046875 0.1125 0.18203125
2 0.571875 0.534375 0.06328125 0.11875
4 0.61328125 0.26328125 0.08359375 0.1609375
0 0.63046875 0.3953125 0.06328125 0.1359375
10 0.46015625 0.25859375 0.06953125 0.1640625
7 0.30625 0.2296875 0.08125 0.1828125
11 0.22109375 0.3796875 0.0703125 0.1109375