3 0.50859375 0.39765625 0.04921875 0.0953125
3 0.5859375 0.28203125 0.03984375 0.09453125
3 0.46328125 0.1875 0.04375 0.08515625
3 0.47109375 0.1109375 0.04921875 0.0953125
9 0.275 0.315625 0.05546875 0.08984375
9 0.2875 0.4265625 0.0578125 0.08671875
9 0.3421875 0.4875 0.0578125 0.0875
9 0.4125 0.5515625 0.05 0.08828125
9 0.565625 0.45078125 0.046875 0.0953125
11 0.4640625 0.6078125 0.0640625 0.1109375
11 0.54921875 0.82890625 0.0625 0.10859375
10 0.5203125 0.49375 0.06484375 0.153125
7 0.40625 0.66875 0.0953125 0.15390625
0 0.4875 0.27421875 0.05703125 0.13359375
0 0.65703125 0.29609375 0.0578125 0.15234375
5 0.6296875 0.50234375 0.06484375 0.109375
1 0.86171875 0.23203125 0.11015625 0.20859375
2 0.77734375 0.403125 0.07265625 0.12265625
6 0.271875 0.21328125 0.0703125 0.115625