11 0.3046875 0.23984375 0.04140625 0.084375
9 0.36328125 0.2296875 0.03515625 0.0859375
9 0.4265625 0.2296875 0.034375 0.08359375
9 0.4796875 0.23046875 0.034375 0.0859375
9 0.55234375 0.2296875 0.03515625 0.0875
9 0.615625 0.23671875 0.0359375 0.0890625
9 0.6625 0.23515625 0.03828125 0.0875
9 0.725 0.23203125 0.0421875 0.0828125
11 0.725 0.1734375 0.0453125 0.10703125
8 0.65703125 0.17109375 0.0453125 0.10625
10 0.5453125 0.14765625 0.04140625 0.15234375
7 0.484375 0.14140625 0.04296875 0.16953125
6 0.42421875 0.15703125 0.03671875 0.12265625
8 0.365625 0.1734375 0.04609375 0.10546875
11 0.30078125 0.165625 0.05 0.09765625
3 0.24296875 0.58359375 0.05703125 0.08984375
3 0.31796875 0.58203125 0.0546875 0.0921875
3 0.40546875 0.58515625 0.0421875 0.0859375
3 0.4875 0.58828125 0.05546875 0.09453125
3 0.56875 0.58515625 0.0453125 0.09765625
3 0.65078125 0.59453125 0.053125 0.1
3 0.72890625 0.58203125 0.053125 0.096875
3 0.803125 0.58671875 0.06015625 0.1015625
5 0.21875 0.68515625 0.078125 0.11328125
5 0.8453125 0.67734375 0.07890625 0.109375
2 0.74375 0.6796875 0.07890625 0.10703125
2 0.315625 0.69375 0.06953125 0.1109375
0 0.3953125 0.6859375 0.059375 0.11875
0 0.66171875 0.66328125 0.059375 0.128125
1 0.490625 0.65859375 0.06171875 0.1765625
4 0.58984375 0.67421875 0.07265625 0.16015625