3 0.48984375 0.390625 0.05 0.09921875
3 0.39296875 0.47421875 0.05390625 0.096875
3 0.32578125 0.56484375 0.0609375 0.0921875
3 0.42109375 0.13359375 0.0453125 0.08671875
3 0.3625 0.1875 0.04765625 0.0875
3 0.35546875 0.253125 0.04921875 0.0890625
3 0.284375 0.6578125 0.06328125 0.090625
0 0.2125 0.54765625 0.08671875 0.14296875
0 0.2734375 0.2296875 0.06796875 0.134375
2 0.2828125 0.18125 0.0625 0.121875
5 0.2421875 0.465625 0.08125 0.115625
5 0.3015625 0.1296875 0.06328125 0.11640625
4 0.23828125 0.37109375 0.09375 0.16328125
1 0.25859375 0.2765625 0.09609375 0.19609375
9 0.6078125 0.26015625 0.0546875 0.09609375
9 0.6265625 0.31953125 0.05390625 0.1015625
9 0.70859375 0.4921875 0.05546875 0.1
9 0.72109375 0.56328125 0.05703125 0.0984375
9 0.74140625 0.671875 0.071875 0.09921875
9 0.68828125 0.26015625 0.04921875 0.09296875
9 0.66328125 0.1484375 0.04140625 0.08984375
11 0.7390625 0.13046875 0.05078125 0.1140625
11 0.8375 0.6828125 0.09140625 0.1234375
8 0.8140625 0.55234375 0.0796875 0.1328125
10 0.7953125 0.3703125 0.0953125 0.175
7 0.77890625 0.284375 0.090625 0.19609375