9 0.309375 0.3484375 0.05390625 0.11796875
9 0.25078125 0.225 0.05625 0.09921875
9 0.47421875 0.3484375 0.0515625 0.1046875
9 0.6859375 0.315625 0.05390625 0.10703125
9 0.7296875 0.1984375 0.0578125 0.1
3 0.2046875 0.61640625 0.06640625 0.11015625
3 0.3921875 0.628125 0.05859375 0.109375
3 0.7765625 0.6015625 0.06953125 0.10078125
3 0.8546875 0.57890625 0.07734375 0.11328125
3 0.64609375 0.48125 0.04921875 0.10625
3 0.559375 0.421875 0.04921875 0.09921875
8 0.546875 0.21328125 0.0546875 0.1203125
11 0.47265625 0.2671875 0.05390625 0.11796875
11 0.72578125 0.1390625 0.06328125 0.11171875
5 0.88125 0.68046875 0.1 0.1375
1 0.8 0.66953125 0.13046875 0.22265625
4 0.72890625 0.371875 0.09140625 0.1921875
10 0.23671875 0.31484375 0.08671875 0.19140625
7 0.3078125 0.121875 0.0765625 0.20703125