9 0.19765625 0.28671875 0.06328125 0.10859375
9 0.28125 0.23671875 0.053125 0.109375
9 0.3359375 0.22421875 0.04921875 0.10390625
9 0.4296875 0.25234375 0.04609375 0.10078125
9 0.515625 0.2671875 0.04765625 0.096875
9 0.49609375 0.15703125 0.0421875 0.09296875
9 0.54453125 0.14609375 0.0421875 0.0953125
9 0.5953125 0.12265625 0.046875 0.08828125
3 0.34921875 0.628125 0.06328125 0.12421875
3 0.4484375 0.565625 0.06015625 0.11640625
3 0.53125 0.546875 0.05859375 0.11328125
3 0.73125 0.41484375 0.05390625 0.11953125
3 0.7734375 0.3765625 0.06015625 0.1109375
3 0.82421875 0.33828125 0.053125 0.10859375
3 0.540625 0.4109375 0.05625 0.10859375
3 0.55859375 0.31875 0.05625 0.10390625
8 0.365625 0.25703125 0.0546875 0.12421875
8 0.521875 0.09140625 0.046875 0.12265625
11 0.30234375 0.1671875 0.05234375 0.1234375
11 0.5703125 0.08125 0.0453125 0.10546875
5 0.40234375 0.73671875 0.08515625 0.16484375
5 0.88984375 0.39375 0.08203125 0.13828125
1 0.6609375 0.50625 0.09921875 0.24453125
4 0.7296875 0.4984375 0.0984375 0.2234375
10 0.415625 0.10390625 0.05390625 0.1875
7 0.2171875 0.1390625 0.08125 0.2125
0 0.575 0.60546875 0.06953125 0.19140625
6 0.44140625 0.15703125 0.0578125 0.14609375
2 0.46875 0.4359375 0.0625 0.15078125
2 0.6703125 0.32578125 0.06875 0.1453125
0 0.6765625 0.4234375 0.053125 0.14921875